           1 PR.BWSV64               
  1.000000000000000E-003  0.000000000000000E+000
           2 DRIFT_0                 
  1.000000000000000E-003  0.000000000000000E+000
           3 PS64$END                
  1.000000000000000E-003  0.000000000000000E+000
           4 PR.BHU64$START          
  1.000000000000000E-003  0.000000000000000E+000
           5 MP_D                    
  1.000000000000000E-003  9.306878805150000E-009
           6 PR.BH.D                 
  1.141930147207425E-003  1.316507953067934E-004
           7 MP_J                    
  1.141930147207425E-003  1.316251409750279E-004
           8 PR.BH.F                 
  1.263840213623361E-003 -2.324510322749725E-005
           9 MP_F                    
  1.263840213623361E-003 -2.323029876602169E-005
          10 PR.BHU64$END            
  1.263840213623361E-003 -2.323029876602169E-005
          11 PS65$START              
  1.263840213623361E-003 -2.323029876602169E-005
          12 DRIFT_1                 
  1.245186283709212E-003 -2.323029876602169E-005
          13 PR.BWSH65               
  1.245186283709212E-003 -2.323029876602169E-005
          14 DRIFT_0                 
  1.226671735587697E-003 -2.323029876602169E-005
          15 PS65$END                
  1.226671735587697E-003 -2.323029876602169E-005
          16 PR.BHT65$START          
  1.226671735587697E-003 -2.323029876602169E-005
          17 MP_F                    
  1.226671735587697E-003 -2.321635132116971E-005
          18 PR.BH.F                 
  1.012317553939389E-003 -1.673483572493598E-004
          19 MP_J                    
  1.012317553939389E-003 -1.673685183930601E-004
          20 PR.BH.D                 
  7.695190138503703E-004 -5.786142382404579E-005
          21 MP_D                    
  7.695190138503703E-004 -5.785591497087277E-005
          22 PR.BHT65$END            
  7.695190138503703E-004 -5.785591497087277E-005
          23 PS66$START              
  7.695190138503703E-004 -5.785591497087277E-005
          24 DRIFT_2                 
  5.959512686472594E-004 -5.785591497087277E-005
          25 PS66$END                
  5.959512686472594E-004 -5.785591497087277E-005
          26 PR.BHR66$START          
  5.959512686472594E-004 -5.785591497087277E-005
          27 MP_D                    
  5.959512686472594E-004 -5.785261198133207E-005
          28 PR.BH.D                 
  5.469345495152712E-004  1.238258411827789E-005
          29 MP_J                    
  5.469345495152712E-004  1.237669903861039E-005
          30 PR.BH.F                 
  4.990467299250402E-004 -5.495038016852552E-005
          31 MP_F                    
  4.990467299250402E-004 -5.494806863275484E-005
          32 PR.BHR66$END            
  4.990467299250402E-004 -5.494806863275484E-005
          33 PS67$START              
  4.990467299250402E-004 -5.494806863275484E-005
          34 DRIFT_3                 
  4.183280169816672E-004 -5.494806863275484E-005
          35 PR.QFN67                
  4.183280169816672E-004 -5.409257071865611E-005
          36 DRIFT_4                 
  4.112418902071547E-004 -5.409257071865611E-005
          37 PS67$END                
  4.112418902071547E-004 -5.409257071865611E-005
          38 PR.BHS67$START          
  4.112418902071547E-004 -5.409257071865611E-005
          39 MP_F                    
  4.112418902071547E-004 -5.409100077938863E-005
          40 PR.BH.F                 
  2.422448022762759E-004 -9.615302389009312E-005
          41 MP_J                    
  2.422448022762759E-004 -9.615417838112702E-005
          42 PR.BH.D                 
  5.460071657922873E-005 -7.791307828763608E-005
          43 MP_D                    
  5.460071657922873E-005 -7.791305058918524E-005
          44 PR.BHS67$END            
  5.460071657922873E-005 -7.791305058918524E-005
          45 PS68$START              
  5.460071657922873E-005 -7.791305058918524E-005
          46 DRIFT_1                 
 -7.963463233782941E-006 -7.791305058918524E-005
          47 PR.BWSH68               
 -7.963463233782941E-006 -7.791305058918524E-005
          48 DRIFT_5                 
 -5.930816372789794E-005 -7.791305058918524E-005
          49 PR.QDN68                
 -5.930816372789794E-005 -7.769935052609475E-005
          50 DRIFT_6                 
 -7.003067413286857E-005 -7.769935052609475E-005
          51 PS68$END                
 -7.003067413286857E-005 -7.769935052609475E-005
          52 PR.BHU68$START          
 -7.003067413286857E-005 -7.769935052609475E-005
          53 MP_D                    
 -7.003067413286857E-005 -7.769930497098828E-005
          54 PR.BH.D                 
 -2.593689469988354E-004 -9.793992382131816E-005
          55 MP_J                    
 -2.593689469988354E-004 -9.794124730194166E-005
          56 PR.BH.F                 
 -4.298081789332041E-004 -5.358709875851441E-005
          57 MP_F                    
 -4.298081789332041E-004 -5.358538121739038E-005
          58 PR.BHU68$END            
 -4.298081789332041E-004 -5.358538121739038E-005
          59 PS69$START              
 -4.298081789332041E-004 -5.358538121739038E-005
          60 DRIFT_7                 
 -5.155447890041215E-004 -5.358538121739038E-005
          61 PS69$END                
 -5.155447890041215E-004 -5.358538121739038E-005
          62 PR.BHT69$START          
 -5.155447890041215E-004 -5.358538121739038E-005
          63 MP_F                    
 -5.155447890041215E-004 -5.358290972771334E-005
          64 PR.BH.F                 
 -5.583478384717665E-004  1.552886373097109E-005
          65 MP_J                    
 -5.583478384717665E-004  1.552273047192536E-005
          66 PR.BH.D                 
 -6.017176633302082E-004 -5.575476368761894E-005
          67 MP_D                    
 -6.017176633302082E-004 -5.575140378892234E-005
          68 PR.BHT69$END            
 -6.017176633302082E-004 -5.575140378892234E-005
          69 PS70$START              
 -6.017176633302082E-004 -5.575140378892234E-005
          70 DRIFT_7                 
 -6.909199095311152E-004 -5.575140378892234E-005
          71 PS70$END                
 -6.909199095311152E-004 -5.575140378892234E-005
          72 PR.BHR70$START          
 -6.909199095311152E-004 -5.575140378892234E-005
          73 MP_D                    
 -6.909199095311152E-004 -5.574697458568282E-005
          74 PR.BH.D                 
 -9.176484032135416E-004 -1.545781052581155E-004
          75 MP_J                    
 -9.176484032135416E-004 -1.545946718912937E-004
          76 PR.BH.F                 
 -1.118071818436758E-003 -2.359360016097052E-005
          77 MP_F                    
 -1.118071818436758E-003 -2.358196307036312E-005
          78 PR.BHR70$END            
 -1.118071818436758E-003 -2.358196307036312E-005
          79 SEC07$END               
 -1.118071818436758E-003 -2.358196307036312E-005
          80 SEC08$START             
 -1.118071818436758E-003 -2.358196307036312E-005
          81 PS71$START              
 -1.118071818436758E-003 -2.358196307036312E-005
          82 DRIFT_8                 
 -1.185492650873672E-003 -2.358196307036312E-005
          83 PR.QFN71                
 -1.185492650873672E-003 -2.600634405569466E-005
          84 DRIFT_9                 
 -1.189159545386765E-003 -2.600634405569466E-005
          85 PS71$END                
 -1.189159545386765E-003 -2.600634405569466E-005
          86 PR.BHT71$START          
 -1.189159545386765E-003 -2.600634405569466E-005
          87 MP_F                    
 -1.189159545386765E-003 -2.599317842262129E-005
          88 PR.BH.F                 
 -1.083162705509897E-003  1.202308814210376E-004
          89 MP_J                    
 -1.083162705509897E-003  1.202077996554377E-004
          90 PR.BH.D                 
 -9.592668252263084E-004 -5.275405302817694E-006
          91 MP_D                    
 -9.592668252263084E-004 -5.266871610413663E-006
          92 PR.BHT71$END            
 -9.592668252263084E-004 -5.266871610413663E-006
          93 PS72$START              
 -9.592668252263084E-004 -5.266871610413663E-006
          94 DRIFT_10                
 -9.670196602369446E-004 -5.266871610413663E-006
          95 PR.QDN72                
 -9.670196602369446E-004 -1.782491899207510E-006
          96 DRIFT_11                
 -9.672478192000436E-004 -1.782491899207510E-006
          97 PS72$END                
 -9.672478192000436E-004 -1.782491899207510E-006
          98 PR.BHR72$START          
 -9.672478192000436E-004 -1.782491899207510E-006
          99 MP_D                    
 -9.672478192000436E-004 -1.773815743371158E-006
         100 PR.BH.D                 
 -1.108551344353266E-003 -1.293068484664180E-004
         101 MP_J                    
 -1.108551344353266E-003 -1.293310249567732E-004
         102 PR.BH.F                 
 -1.230211425349808E-003  2.116766035875725E-005
         103 MP_F                    
 -1.230211425349808E-003  2.118175174178867E-005
         104 PR.BHR72$END            
 -1.230211425349808E-003  2.118175174178867E-005
         105 PS73$START              
 -1.230211425349808E-003  2.118175174178867E-005
         106 DRIFT_7                 
 -1.196320622555343E-003  2.118175174178867E-005
         107 PS73$END                
 -1.196320622555343E-003  2.118175174178867E-005
         108 PR.BHS73$START          
 -1.196320622555343E-003  2.118175174178867E-005
         109 MP_F                    
 -1.196320622555343E-003  2.119507659281801E-005
         110 PR.BH.F                 
 -9.903678492491855E-004  1.619094217068222E-004
         111 MP_J                    
 -9.903678492491855E-004  1.618901253777834E-004
         112 PR.BH.D                 
 -7.570712838066804E-004  5.452793763897198E-005
         113 MP_D                    
 -7.570712838066804E-004  5.453325494277807E-005
         114 PR.BHS73$END            
 -7.570712838066804E-004  5.453325494277807E-005
         115 PS74$START              
 -7.570712838066804E-004  5.453325494277807E-005
         116 DRIFT_7                 
 -6.698180757684941E-004  5.453325494277807E-005
         117 PS74$END                
 -6.698180757684941E-004  5.453325494277807E-005
         118 PR.BHU74$START          
 -6.698180757684941E-004  5.453325494277807E-005
         119 MP_D                    
 -6.698180757684941E-004  5.453741788699761E-005
         120 PR.BH.D                 
 -6.389190033700236E-004 -2.587386833190660E-005
         121 MP_J                    
 -6.389190033700236E-004 -2.588189939875252E-005
         122 PR.BH.F                 
 -6.069578271581864E-004  5.429703229868847E-005
         123 MP_F                    
 -6.069578271581864E-004  5.430045852257851E-005
         124 PR.BHU74$END            
 -6.069578271581864E-004  5.430045852257851E-005
         125 PS75$START              
 -6.069578271581864E-004  5.430045852257851E-005
         126 DRIFT_7                 
 -5.200770933939742E-004  5.430045852257851E-005
         127 PS75$END                
 -5.200770933939742E-004  5.430045852257851E-005
         128 PR.BHT75$START          
 -5.200770933939742E-004  5.430045852257851E-005
         129 MP_F                    
 -5.200770933939742E-004  5.430297367931918E-005
         130 PR.BH.F                 
 -3.359502830637914E-004  1.093945577832371E-004
         131 MP_J                    
 -3.359502830637914E-004  1.093923373810198E-004
         132 PR.BH.D                 
 -1.310339926642123E-004  8.069789179198175E-005
         133 MP_D                    
 -1.310339926642123E-004  8.069805126244532E-005
         134 PR.BHT75$END            
 -1.310339926642123E-004  8.069805126244532E-005
         135 PS76$START              
 -1.310339926642123E-004  8.069805126244532E-005
         136 DRIFT_2                 
  1.110601619114035E-004  8.069805126244532E-005
         137 PS76$END                
  1.110601619114035E-004  8.069805126244532E-005
         138 PR.BHR76$START          
  1.110601619114035E-004  8.069805126244532E-005
         139 MP_D                    
  1.110601619114035E-004  8.069816587176720E-005
         140 PR.BH.D                 
  3.131459969431726E-004  1.067658399374940E-004
         141 MP_J                    
  3.131459969431726E-004  1.067639107459116E-004
         142 PR.BH.F                 
  4.948284568265306E-004  5.475756010718142E-005
         143 MP_F                    
  4.948284568265306E-004  5.475983274843786E-005
         144 PR.BHR76$END            
  4.948284568265306E-004  5.475983274843786E-005
         145 PS77$START              
  4.948284568265306E-004  5.475983274843786E-005
         146 DRIFT_12                
  5.759277692485602E-004  5.475983274843786E-005
         147 PR.QFN77                
  5.759277692485602E-004  5.593762860542745E-005
         148 DRIFT_13                
  5.825843470630219E-004  5.593762860542745E-005
         149 PS77$END                
  5.825843470630219E-004  5.593762860542745E-005
         150 PR.BHT77$START          
  5.825843470630219E-004  5.593762860542745E-005
         151 MP_F                    
  5.825843470630219E-004  5.594077830574981E-005
         152 PR.BH.F                 
  6.212689413620356E-004 -2.154909435694429E-005
         153 MP_J                    
  6.212689413620356E-004 -2.155668783802498E-005
         154 PR.BH.D                 
  6.596517590249526E-004  5.716223264786767E-005
         155 MP_D                    
  6.596517590249526E-004  5.716627994749665E-005
         156 PR.BHT77$END            
  6.596517590249526E-004  5.716627994749665E-005
         157 PS78$START              
  6.596517590249526E-004  5.716627994749665E-005
         158 DRIFT_10                
  7.438005232451651E-004  5.716627994749665E-005
         159 PR.QDN78                
  7.438005232451651E-004  5.448620677117162E-005
         160 DRIFT_11                
  7.507747577222297E-004  5.448620677117162E-005
         161 PS78$END                
  7.507747577222297E-004  5.448620677117162E-005
         162 PR.BHR78$START          
  7.507747577222297E-004  5.448620677117162E-005
         163 MP_D                    
  7.507747577222297E-004  5.449145034083294E-005
         164 PR.BH.D                 
  9.831317002146577E-004  1.610524696752692E-004
         165 MP_J                    
  9.831317002146577E-004  1.610334542943723E-004
         166 PR.BH.F                 
  1.188180619085233E-003  2.125884288518313E-005
         167 MP_F                    
  1.188180619085233E-003  2.127192968859984E-005
         168 PR.BHR78$END            
  1.188180619085233E-003  2.127192968859984E-005
         169 PS79$START              
  1.188180619085233E-003  2.127192968859984E-005
         170 DRIFT_7                 
  1.222215706594694E-003  2.127192968859984E-005
         171 PS79$END                
  1.222215706594694E-003  2.127192968859984E-005
         172 PR.BHS79$START          
  1.222215706594694E-003  2.127192968859984E-005
         173 MP_F                    
  1.222215706594694E-003  2.128577609941160E-005
         174 PR.BH.F                 
  1.101817657199239E-003 -1.283217009400686E-004
         175 MP_J                    
  1.101817657199239E-003 -1.283455846113610E-004
         176 PR.BH.D                 
  9.618259857346912E-004 -1.516343562396626E-006
         177 MP_D                    
  9.618259857346912E-004 -1.507734279018197E-006
         178 PR.BHS79$END            
  9.618259857346912E-004 -1.507734279018197E-006
         179 PS80$START              
  9.618259857346912E-004 -1.507734279018197E-006
         180 DRIFT_7                 
  9.594136108882592E-004 -1.507734279018197E-006
         181 PS80$END                
  9.594136108882592E-004 -1.507734279018197E-006
         182 PR.BHR80$START          
  9.594136108882592E-004 -1.507734279018197E-006
         183 MP_D                    
  9.594136108882592E-004 -1.499168165190593E-006
         184 PR.BH.D                 
  1.092100029586782E-003  1.245844538369309E-004
         185 MP_J                    
  1.092100029586782E-003  1.245609895982664E-004
         186 PR.BH.F                 
  1.205921547833071E-003 -2.337168475594771E-005
         187 MP_F                    
  1.205921547833071E-003 -2.335820467175393E-005
         188 PR.BHR80$END            
  1.205921547833071E-003 -2.335820467175393E-005
         189 SEC08$END               
  1.205921547833071E-003 -2.335820467175393E-005
         190 SEC09$START             
  1.205921547833071E-003 -2.335820467175393E-005
         191 PS81$START              
  1.205921547833071E-003 -2.335820467175393E-005
         192 DRIFT_14                
  1.138626560155390E-003 -2.335820467175393E-005
         193 PR.QFN81                
  1.138626560155390E-003 -2.102966675985730E-005
         194 DRIFT_13                
  1.136124029810413E-003 -2.102966675985730E-005
         195 PS81$END                
  1.136124029810413E-003 -2.102966675985730E-005
         196 PR.BHT81$START          
  1.136124029810413E-003 -2.102966675985730E-005
         197 MP_F                    
  1.136124029810413E-003 -2.101770041050791E-005
         198 PR.BH.F                 
  9.386120234960474E-004 -1.545743256008198E-004
         199 MP_J                    
  9.386120234960474E-004 -1.545916578073715E-004
         200 PR.BH.D                 
  7.148547556503566E-004 -5.297490370652682E-005
         201 MP_D                    
  7.148547556503566E-004 -5.297015018972755E-005
         202 PR.BHT81$END            
  7.148547556503566E-004 -5.297015018972755E-005
         203 PS82$START              
  7.148547556503566E-004 -5.297015018972755E-005
         204 DRIFT_15                
  6.364589332595760E-004 -5.297015018972755E-005
         205 PR.QDN82                
  6.364589332595760E-004 -5.526344854265058E-005
         206 DRIFT_16                
  6.298273194243310E-004 -5.526344854265058E-005
         207 PS82$END                
  6.298273194243310E-004 -5.526344854265058E-005
         208 PR.BHR82$START          
  6.298273194243310E-004 -5.526344854265058E-005
         209 MP_D                    
  6.298273194243310E-004 -5.525975914564370E-005
         210 PR.BH.D                 
  5.916048231715969E-004  1.980292832567792E-005
         211 MP_J                    
  5.916048231715969E-004  1.979604267412304E-005
         212 PR.BH.F                 
  5.532486572239546E-004 -5.389576652629565E-005
         213 MP_F                    
  5.532486572239546E-004 -5.389292588935885E-005
         214 PR.BHR82$END            
  5.532486572239546E-004 -5.389292588935885E-005
         215 PS83$START              
  5.532486572239546E-004 -5.389292588935885E-005
         216 DRIFT_7                 
  4.670199756757559E-004 -5.389292588935885E-005
         217 PS83$END                
  4.670199756757559E-004 -5.389292588935885E-005
         218 PR.BHS83$START          
  4.670199756757559E-004 -5.389292588935885E-005
         219 MP_F                    
  4.670199756757559E-004 -5.389090140406525E-005
         220 PR.BH.F                 
  2.909106965727950E-004 -1.026759200025103E-004
         221 MP_J                    
  2.909106965727950E-004 -1.026775849517985E-004
         222 PR.BH.D                 
  9.510949397983523E-005 -7.895653330732122E-005
         223 MP_D                    
  9.510949397983523E-005 -7.895644925717045E-005
         224 PR.BHS83$END            
  9.510949397983523E-005 -7.895644925717045E-005
         225 PS84$START              
  9.510949397983523E-005 -7.895644925717045E-005
         226 DRIFT_7                 
 -3.122082522541833E-005 -7.895644925717045E-005
         227 PS84$END                
 -3.122082522541833E-005 -7.895644925717045E-005
         228 PR.BHR84$START          
 -3.122082522541833E-005 -7.895644925717045E-005
         229 MP_D                    
 -3.122082522541833E-005 -7.895644020235018E-005
         230 PR.BH.D                 
 -2.179556969712157E-004 -9.426770300348367E-005
         231 MP_J                    
 -2.179556969712157E-004 -9.426863758692058E-005
         232 PR.BH.F                 
 -3.862816838584573E-004 -5.538079819403908E-005
         233 MP_F                    
 -3.862816838584573E-004 -5.537941101858586E-005
         234 PR.BHR84$END            
 -3.862816838584573E-004 -5.537941101858586E-005
         235 PS85$START              
 -3.862816838584573E-004 -5.537941101858586E-005
         236 DRIFT_1                 
 -4.307513509745731E-004 -5.537941101858586E-005
         237 PR.BWSV85               
 -4.307513509745731E-004 -5.537941101858586E-005
         238 DRIFT_17                
 -4.682985917027506E-004 -5.537941101858586E-005
         239 PR.QFN85                
 -4.682985917027506E-004 -5.633710080295101E-005
         240 DRIFT_13                
 -4.750027067089424E-004 -5.633710080295101E-005
         241 PS85$END                
 -4.750027067089424E-004 -5.633710080295101E-005
         242 PR.BHT85$START          
 -4.750027067089424E-004 -5.633710080295101E-005
         243 MP_F                    
 -4.750027067089424E-004 -5.633500289747667E-005
         244 PR.BH.F                 
 -5.290518978663611E-004  8.282612338912990E-006
         245 MP_J                    
 -5.290518978663611E-004  8.277105806715093E-006
         246 PR.BH.D                 
 -5.849954709551350E-004 -6.017317308121767E-005
         247 MP_D                    
 -5.849954709551350E-004 -6.016999723928076E-005
         248 PR.BHT85$END            
 -5.849954709551350E-004 -6.016999723928076E-005
         249 PS86$START              
 -5.849954709551350E-004 -6.016999723928076E-005
         250 DRIFT_18                
 -7.582850633179551E-004 -6.016999723928076E-005
         251 PR.QDN86                
 -7.582850633179551E-004 -5.743773315140445E-005
         252 DRIFT_16                
 -7.651775913074934E-004 -5.743773315140445E-005
         253 PS86$END                
 -7.651775913074934E-004 -5.743773315140445E-005
         254 PR.BHR86$START          
 -7.651775913074934E-004 -5.743773315140445E-005
         255 MP_D                    
 -7.651775913074934E-004 -5.743230144848834E-005
         256 PR.BH.D                 
 -1.006329733213572E-003 -1.662730219347480E-004
         257 MP_J                    
 -1.006329733213572E-003 -1.662929452789898E-004
         258 PR.BH.F                 
 -1.219323668467256E-003 -2.307165273221485E-005
         259 MP_F                    
 -1.219323668467256E-003 -2.305780994744641E-005
         260 PR.BHR86$END            
 -1.219323668467256E-003 -2.305780994744641E-005
         261 PS87$START              
 -1.219323668467256E-003 -2.305780994744641E-005
         262 DRIFT_7                 
 -1.256216164392977E-003 -2.305780994744641E-005
         263 PS87$END                
 -1.256216164392977E-003 -2.305780994744641E-005
         264 PR.BHS87$START          
 -1.256216164392977E-003 -2.305780994744641E-005
         265 MP_F                    
 -1.256216164392977E-003 -2.304311582953367E-005
         266 PR.BH.F                 
 -1.134980694510804E-003  1.308290360600942E-004
         267 MP_J                    
 -1.134980694510804E-003  1.308036930277102E-004
         268 PR.BH.D                 
 -9.939695879945551E-004  5.731298033644376E-009
         269 MP_D                    
 -9.939695879945551E-004  1.489301553306774E-008
         270 PR.BHS87$END            
 -9.939695879945551E-004  1.489301553306774E-008
         271 PS88$START              
 -9.939695879945551E-004  1.489301553306774E-008
         272 DRIFT_7                 
 -9.939457591697026E-004  1.489301553306774E-008
         273 PS88$END                
 -9.939457591697026E-004  1.489301553306774E-008
         274 PR.BHU88$START          
 -9.939457591697026E-004  1.489301553306774E-008
         275 MP_D                    
 -9.939457591697026E-004  2.405429416017123E-008
         276 PR.BH.D                 
 -1.134884715261525E-003 -1.307665479531937E-004
         277 MP_J                    
 -1.134884715261525E-003 -1.307918866995094E-004
         278 PR.BH.F                 
 -1.256055208705554E-003  2.306373484309483E-005
         279 MP_F                    
 -1.256055208705554E-003  2.307842519148618E-005
         280 PR.BHU88$END            
 -1.256055208705554E-003  2.307842519148618E-005
         281 PS89$START              
 -1.256055208705554E-003  2.307842519148618E-005
         282 DRIFT_12                
 -1.221876060987861E-003  2.307842519148618E-005
         283 PR.QFN89                
 -1.221876060987861E-003  2.057963864354120E-005
         284 DRIFT_13                
 -1.219427083988761E-003  2.057963864354120E-005
         285 PS89$END                
 -1.219427083988761E-003  2.057963864354120E-005
         286 PR.BHT89$START          
 -1.219427083988761E-003  2.057963864354120E-005
         287 MP_F                    
 -1.219427083988761E-003  2.059348377914776E-005
         288 PR.BH.F                 
 -1.011617785446392E-003  1.641616668372605E-004
         289 MP_J                    
 -1.011617785446392E-003  1.641415335568664E-004
         290 PR.BH.D                 
 -7.761370327125879E-004  5.430272487050896E-005
         291 MP_D                    
 -7.761370327125879E-004  5.430831317002005E-005
         292 PR.BHT89$END            
 -7.761370327125879E-004  5.430831317002005E-005
         293 PS90$START              
 -7.761370327125879E-004  5.430831317002005E-005
         294 DRIFT_10                
 -6.961951956084296E-004  5.430831317002005E-005
         295 PR.QDN90                
 -6.961951956084296E-004  5.681685411739110E-005
         296 DRIFT_11                
 -6.889226382696626E-004  5.681685411739110E-005
         297 PS90$END                
 -6.889226382696626E-004  5.681685411739110E-005
         298 PR.BHR90$START          
 -6.889226382696626E-004  5.681685411739110E-005
         299 MP_D                    
 -6.889226382696626E-004  5.682125776627433E-005
         300 PR.BH.D                 
 -6.554603545870717E-004 -2.577993947828488E-005
         301 MP_J                    
 -6.554603545870717E-004 -2.578839177018133E-005
         302 PR.BH.F                 
 -6.210701508127771E-004  5.636306556178107E-005
         303 MP_F                    
 -6.210701508127771E-004  5.636665305628382E-005
         304 PR.BHR90$END            
 -6.210701508127771E-004  5.636665305628382E-005
         305 SEC09$END               
 -6.210701508127771E-004  5.636665305628382E-005
         306 SEC00$START             
 -6.210701508127771E-004  5.636665305628382E-005
         307 PS91$START              
 -6.210701508127771E-004  5.636665305628382E-005
         308 DRIFT_19                
 -5.661126639955936E-004  5.636665305628382E-005
         309 PA.C10.91               
 -5.097460108497654E-004  5.636665305628382E-005
         310 DRIFT_20                
 -4.519701913752930E-004  5.636665305628382E-005
         311 PS91$END                
 -4.519701913752930E-004  5.636665305628382E-005
         312 PR.BHT91$START          
 -4.519701913752930E-004  5.636665305628382E-005
         313 MP_F                    
 -4.519701913752930E-004  5.636855236259037E-005
         314 PR.BH.F                 
 -2.727043625801806E-004  1.030071071129238E-004
         315 MP_J                    
 -2.727043625801806E-004  1.030056440405804E-004
         316 PR.BH.D                 
 -7.356164920795838E-005  8.172866246869230E-005
         317 MP_D                    
 -7.356164920795838E-005  8.172871273310126E-005
         318 PR.BHT91$END            
 -7.356164920795838E-005  8.172871273310126E-005
         319 PS92$START              
 -7.356164920795838E-005  8.172871273310126E-005
         320 DRIFT_7                 
  5.720429160173622E-005  8.172871273310126E-005
         321 PS92$END                
  5.720429160173622E-005  8.172871273310126E-005
         322 PR.BHR92$START          
  5.720429160173622E-005  8.172871273310126E-005
         323 MP_D                    
  5.720429160173622E-005  8.172874313621561E-005
         324 PR.BH.D                 
  2.540279813551474E-004  1.008539262688770E-004
         325 MP_J                    
  2.540279813551474E-004  1.008526567336861E-004
         326 PR.BH.F                 
  4.312926886430716E-004  5.674150169059381E-005
         327 MP_F                    
  4.312926886430716E-004  5.674322838854631E-005
         328 PR.BHR92$END            
  4.312926886430716E-004  5.674322838854631E-005
         329 PS93$START              
  4.312926886430716E-004  5.674322838854631E-005
         330 DRIFT_7                 
  5.220818542109079E-004  5.674322838854631E-005
         331 PS93$END                
  5.220818542109079E-004  5.674322838854631E-005
         332 PR.BHS93$START          
  5.220818542109079E-004  5.674322838854631E-005
         333 MP_F                    
  5.220818542109079E-004  5.674575813520004E-005
         334 PR.BH.F                 
  5.706253194449734E-004 -1.358921062702388E-005
         335 MP_J                    
  5.706253194449734E-004 -1.359561657939990E-005
         336 PR.BH.D                 
  6.202031489396507E-004  5.958614734686175E-005
         337 MP_D                    
  6.202031489396507E-004  5.958972479008706E-005
         338 PR.BHS93$END            
  6.202031489396507E-004  5.958972479008706E-005
         339 PS94$START              
  6.202031489396507E-004  5.958972479008706E-005
         340 DRIFT_7                 
  7.155467087730707E-004  5.958972479008706E-005
         341 PS94$END                
  7.155467087730707E-004  5.958972479008706E-005
         342 PR.BHR94$START          
  7.155467087730707E-004  5.958972479008706E-005
         343 MP_D                    
  7.155467087730707E-004  5.959448751977907E-005
         344 PR.BH.D                 
  9.546867917414526E-004  1.622418014377650E-004
         345 MP_J                    
  9.546867917414526E-004  1.622238704812317E-004
         346 PR.BH.F                 
  1.166074612645422E-003  2.570393133349373E-005
         347 MP_F                    
  1.166074612645422E-003  2.571653622087022E-005
         348 PR.BHR94$END            
  1.166074612645422E-003  2.571653622087022E-005
         349 PS95$START              
  1.166074612645422E-003  2.571653622087022E-005
         350 DRIFT_12                
  1.204160802801124E-003  2.571653622087022E-005
         351 PR.QFN95                
  1.204160802801124E-003  2.817909434085615E-005
         352 DRIFT_13                
  1.207514115029018E-003  2.817909434085615E-005
         353 PS95$END                
  1.207514115029018E-003  2.817909434085615E-005
         354 PR.BHT95$START          
  1.207514115029018E-003  2.817909434085615E-005
         355 MP_F                    
  1.207514115029018E-003  2.819261001321714E-005
         356 PR.BH.F                 
  1.103590580075657E-003 -1.205824228648814E-004
         357 MP_J                    
  1.103590580075657E-003 -1.206063834599270E-004
         358 PR.BH.D                 
  9.817204610069916E-004  7.554747279898481E-006
         359 MP_D                    
  9.817204610069916E-004  7.563716720250406E-006
         360 PR.BHT95$END            
  9.817204610069916E-004  7.563716720250406E-006
         361 PS96$START              
  9.817204610069916E-004  7.563716720250406E-006
         362 DRIFT_18                
  1.003503965161936E-003  7.563716720250406E-006
         363 PR.QDN96                
  1.003503965161936E-003  3.947876215551231E-006
         364 DRIFT_16                
  1.003977710307806E-003  3.947876215551231E-006
         365 PS96$END                
  1.003977710307806E-003  3.947876215551231E-006
         366 PR.BHR96$START          
  1.003977710307806E-003  3.947876215551231E-006
         367 MP_D                    
  1.003977710307806E-003  3.957257349421178E-006
         368 PR.BH.D                 
  1.155588320278596E-003  1.366828224403371E-004
         369 MP_J                    
  1.155588320278596E-003  1.366565507560133E-004
         370 PR.BH.F                 
  1.286208268281818E-003 -2.053333163258525E-005
         371 MP_F                    
  1.286208268281818E-003 -2.051799913103174E-005
         372 PR.BHR96$END            
  1.286208268281818E-003 -2.051799913103174E-005
         373 PS97$START              
  1.286208268281818E-003 -2.051799913103174E-005
         374 DRIFT_7                 
  1.253379469665257E-003 -2.051799913103174E-005
         375 PS97$END                
  1.253379469665257E-003 -2.051799913103174E-005
         376 PR.BHT97$START          
  1.253379469665257E-003 -2.051799913103174E-005
         377 MP_F                    
  1.253379469665257E-003 -2.050343844706121E-005
         378 PR.BH.F                 
  1.041108909457286E-003 -1.682087796550085E-004
         379 MP_J                    
  1.041108909457286E-003 -1.682301039143514E-004
         380 PR.BH.D                 
  8.004071861224520E-004 -5.505470012330145E-005
         381 MP_D                    
  8.004071861224520E-004 -5.504873981419589E-005
         382 PR.BHT97$END            
  8.004071861224520E-004 -5.504873981419589E-005
         383 PS98$START              
  8.004071861224520E-004 -5.504873981419589E-005
         384 DRIFT_7                 
  7.123292022862835E-004 -5.504873981419589E-005
         385 PS98$END                
  7.123292022862835E-004 -5.504873981419589E-005
         386 PR.BHR98$START          
  7.123292022862835E-004 -5.504873981419589E-005
         387 MP_D                    
  7.123292022862835E-004 -5.504401984766513E-005
         388 PR.BH.D                 
  6.863130176966963E-004  3.091030280996254E-005
         389 MP_J                    
  6.863130176966963E-004  3.090103608864211E-005
         390 PR.BH.F                 
  6.584626626079454E-004 -5.566074117611861E-005
         391 MP_F                    
  6.584626626079454E-004 -5.565671814459440E-005
         392 PR.BHR98$END            
  6.584626626079454E-004 -5.565671814459440E-005
         393 PS99$START              
  6.584626626079454E-004 -5.565671814459440E-005
         394 DRIFT_10                
  5.765359733722126E-004 -5.565671814459440E-005
         395 PR.QFN99                
  5.765359733722126E-004 -5.447767848528221E-005
         396 DRIFT_11                
  5.695628305157466E-004 -5.447767848528221E-005
         397 PS99$END                
  5.695628305157466E-004 -5.447767848528221E-005
         398 PR.BHS99$START          
  5.695628305157466E-004 -5.447767848528221E-005
         399 MP_F                    
  5.695628305157466E-004 -5.447466793926920E-005
         400 PR.BH.F                 
  3.783818095220742E-004 -1.154910669467668E-004
         401 MP_J                    
  3.783818095220742E-004 -1.154938836567251E-004
         402 PR.BH.D                 
  1.653997175546331E-004 -8.207790654267607E-005
         403 MP_D                    
  1.653997175546331E-004 -8.207765231915359E-005
         404 PR.BHS99$END            
  1.653997175546331E-004 -8.207765231915359E-005
         405 PS00$START              
  1.653997175546331E-004 -8.207765231915359E-005
         406 DRIFT_10                
  4.458141293387980E-005 -8.207765231915359E-005
         407 PR.QDN00                
  4.458141293387980E-005 -8.223828873339739E-005
         408 DRIFT_11                
  3.405491194040531E-005 -8.223828873339739E-005
         409 PS00$END                
  3.405491194040531E-005 -8.223828873339739E-005
         410 PR.BHR00$START          
  3.405491194040531E-005 -8.223828873339739E-005
         411 MP_D                    
  3.405491194040531E-005 -8.223827795877378E-005
         412 PR.BH.D                 
 -1.509965162455001E-004 -8.942414738238490E-005
         413 MP_J                    
 -1.509965162455001E-004 -8.942459593716027E-005
         414 PR.BH.F                 
 -3.182008631380284E-004 -5.922743318497611E-005
         415 MP_F                    
 -3.182008631380284E-004 -5.922649200712353E-005
         416 PR.BHR00$END            
 -3.182008631380284E-004 -5.922649200712353E-005
         417 SEC00$END               
 -3.182008631380284E-004 -5.922649200712353E-005
         418 PS$END                  
 -3.182008631380284E-004 -5.922649200712353E-005
         419 PS$START                
 -3.182008631380284E-004 -5.922649200712353E-005
         420 SEC01$START             
 -3.182008631380284E-004 -5.922649200712353E-005
         421 PS01$START              
 -3.182008631380284E-004 -5.922649200712353E-005
         422 DRIFT_2                 
 -4.958803394710288E-004 -5.922649200712353E-005
         423 PS01$END                
 -4.958803394710288E-004 -5.922649200712353E-005
         424 PR.BHT01$START          
 -4.958803394710288E-004 -5.922649200712353E-005
         425 MP_F                    
 -4.958803394710288E-004 -5.922420554434854E-005
         426 PR.BH.F                 
 -5.531720085627742E-004  8.289067661466697E-006
         427 MP_J                    
 -5.531720085627742E-004  8.283047584807549E-006
         428 PR.BH.D                 
 -6.125233360830772E-004 -6.334032844436403E-005
         429 MP_D                    
 -6.125233360830772E-004 -6.333684685613524E-005
         430 PR.BHT01$END            
 -6.125233360830772E-004 -6.333684685613524E-005
         431 PS02$START              
 -6.125233360830772E-004 -6.333684685613524E-005
         432 DRIFT_7                 
 -7.138622912561583E-004 -6.333684685613524E-005
         433 PS02$END                
 -7.138622912561583E-004 -6.333684685613524E-005
         434 PR.BHU02$START          
 -7.138622912561583E-004 -6.333684685613524E-005
         435 MP_D                    
 -7.138622912561583E-004 -6.333211881821523E-005
         436 PR.BH.D                 
 -9.613580805313457E-004 -1.662578295505458E-004
         437 MP_J                    
 -9.613580805313457E-004 -1.662760119833701E-004
         438 PR.BH.F                 
 -1.180386417850312E-003 -2.845336021162903E-005
         439 MP_F                    
 -1.180386417850312E-003 -2.844038833135159E-005
         440 PR.BHU02$END            
 -1.180386417850312E-003 -2.844038833135159E-005
         441 PS03$START              
 -1.180386417850312E-003 -2.844038833135159E-005
         442 DRIFT_7                 
 -1.225891039198879E-003 -2.844038833135159E-005
         443 PS03$END                
 -1.225891039198879E-003 -2.844038833135159E-005
         444 PR.BHT03$START          
 -1.225891039198879E-003 -2.844038833135159E-005
         445 MP_F                    
 -1.225891039198879E-003 -2.842639586031388E-005
         446 PR.BH.F                 
 -1.120041104325321E-003  1.225335664222988E-004
         447 MP_J                    
 -1.120041104325321E-003  1.225088861724538E-004
         448 PR.BH.D                 
 -9.960627427251733E-004 -7.499949499514889E-006
         449 MP_D                    
 -9.960627427251733E-004 -7.490749189962013E-006
         450 PR.BHT03$END            
 -9.960627427251733E-004 -7.490749189962013E-006
         451 PS04$START              
 -9.960627427251733E-004 -7.490749189962013E-006
         452 DRIFT_7                 
 -1.008047941429448E-003 -7.490749189962013E-006
         453 PS04$END                
 -1.008047941429448E-003 -7.490749189962013E-006
         454 PR.BHR04$START          
 -1.008047941429448E-003 -7.490749189962013E-006
         455 MP_D                    
 -1.008047941429448E-003 -7.481326347115430E-006
         456 PR.BH.D                 
 -1.168315847917954E-003 -1.411917561718498E-004
         457 MP_J                    
 -1.168315847917954E-003 -1.412186097501927E-004
         458 PR.BH.F                 
 -1.306847031786410E-003  1.805560521087348E-005
         459 MP_F                    
 -1.306847031786410E-003  1.807150914232629E-005
         460 PR.BHR04$END            
 -1.306847031786410E-003  1.807150914232629E-005
         461 PS05$START              
 -1.306847031786410E-003  1.807150914232629E-005
         462 DRIFT_21                
 -1.280281913342852E-003  1.807150914232629E-005
         463 PR.QFN05                
 -1.280281913342852E-003  1.545328023615397E-005
         464 DRIFT_22                
 -1.278272986911912E-003  1.545328023615397E-005
         465 PS05$END                
 -1.278272986911912E-003  1.545328023615397E-005
         466 PR.BHT05$START          
 -1.278272986911912E-003  1.545328023615397E-005
         467 MP_F                    
 -1.278272986911912E-003  1.546849550075232E-005
         468 PR.BH.F                 
 -1.073272742415736E-003  1.667894728912550E-004
         469 MP_J                    
 -1.073272742415736E-003  1.667668107037077E-004
         470 PR.BH.D                 
 -8.404754124129005E-004  4.918825511217972E-005
         471 MP_D                    
 -8.404754124129005E-004  4.919480753700506E-005
         472 PR.BHT05$END            
 -8.404754124129005E-004  4.919480753700506E-005
         473 PS06$START              
 -8.404754124129005E-004  4.919480753700506E-005
         474 DRIFT_8                 
 -6.998274574944109E-004  4.919480753700506E-005
         475 PR.QDW06                
 -6.998274574944109E-004  5.171643630476043E-005
         476 DRIFT_9                 
 -6.925354399656871E-004  5.171643630476043E-005
         477 PS06$END                
 -6.925354399656871E-004  5.171643630476043E-005
         478 PR.BHR06$START          
 -6.925354399656871E-004  5.171643630476043E-005
         479 MP_D                    
 -6.925354399656871E-004  5.172088623213957E-005
         480 PR.BH.D                 
 -6.713618302826211E-004 -3.207916640231695E-005
         481 MP_J                    
 -6.713618302826211E-004 -3.208803377419027E-005
         482 PR.BH.F                 
 -6.480402433687850E-004  5.282214308255857E-005
         483 MP_F                    
 -6.480402433687850E-004  5.282604911037271E-005
         484 PR.BHR06$END            
 -6.480402433687850E-004  5.282604911037271E-005
         485 PS07$START              
 -6.480402433687850E-004  5.282604911037271E-005
         486 DRIFT_7                 
 -5.635185646742550E-004  5.282604911037271E-005
         487 PS07$END                
 -5.635185646742550E-004  5.282604911037271E-005
         488 PR.BHS07$START          
 -5.635185646742550E-004  5.282604911037271E-005
         489 MP_F                    
 -5.635185646742550E-004  5.282900222709713E-005
         490 PR.BH.F                 
 -3.766195292633114E-004  1.133333213400144E-004
         491 MP_J                    
 -3.766195292633114E-004  1.133305308061190E-004
         492 PR.BH.D                 
 -1.683799811672183E-004  7.984256256836086E-005
         493 MP_D                    
 -1.683799811672183E-004  7.984282587617325E-005
         494 PR.BHS07$END            
 -1.683799811672183E-004  7.984282587617325E-005
         495 PS08$START              
 -1.683799811672183E-004  7.984282587617325E-005
         496 DRIFT_7                 
 -4.063145935814898E-005  7.984282587617325E-005
         497 PS08$END                
 -4.063145935814898E-005  7.984282587617325E-005
         498 PR.BHR08$START          
 -4.063145935814898E-005  7.984282587617325E-005
         499 MP_D                    
 -4.063145935814898E-005  7.984284121204593E-005
         500 PR.BH.D                 
  1.379561181307463E-004  8.582329341945098E-005
         501 MP_J                    
  1.379561181307463E-004  8.582291899555264E-005
         502 PR.BH.F                 
  2.993646787244060E-004  5.767498952383945E-005
         503 MP_F                    
  2.993646787244060E-004  5.767582162937145E-005
         504 PR.BHR08$END            
  2.993646787244060E-004  5.767582162937145E-005
         505 PS09$START              
  2.993646787244060E-004  5.767582162937145E-005
         506 DRIFT_23                
  3.835137026216233E-004  5.767582162937145E-005
         507 PR.QFN09                
  3.835137026216233E-004  5.846012284588657E-005
         508 DRIFT_9                 
  3.917565799569798E-004  5.846012284588657E-005
         509 PS09$END                
  3.917565799569798E-004  5.846012284588657E-005
         510 PR.BHT09$START          
  3.917565799569798E-004  5.846012284588657E-005
         511 MP_F                    
  3.917565799569798E-004  5.846154758807283E-005
         512 PR.BH.F                 
  4.614978609380113E-004  3.540633630455884E-006
         513 MP_J                    
  4.614978609380113E-004  3.536443563002877E-006
         514 PR.BH.D                 
  5.351470636546727E-004  6.478377435201237E-005
         515 MP_D                    
  5.351470636546727E-004  6.478643743110994E-005
         516 PR.BHT09$END            
  5.351470636546727E-004  6.478643743110994E-005
         517 PS10$START              
  5.351470636546727E-004  6.478643743110994E-005
         518 DRIFT_24                
  6.307070590661072E-004  6.478643743110994E-005
         519 PR.QDN10                
  6.307070590661072E-004  6.251386431735756E-005
         520 DRIFT_25                
  6.385212921210459E-004  6.251386431735756E-005
         521 PS10$END                
  6.385212921210459E-004  6.251386431735756E-005
         522 PR.BHR10$START          
  6.385212921210459E-004  6.251386431735756E-005
         523 MP_D                    
  6.385212921210459E-004  6.251765633213863E-005
         524 PR.BH.D                 
  8.734792760123264E-004  1.554392584769900E-004
         525 MP_J                    
  8.734792760123264E-004  1.554242482644915E-004
         526 PR.BH.F                 
  1.081570716594230E-003  2.957334131824564E-005
         527 MP_F                    
  1.081570716594230E-003  2.958418716717705E-005
         528 PR.BHR10$END            
  1.081570716594230E-003  2.958418716717705E-005
         529 SEC01$END               
  1.081570716594230E-003  2.958418716717705E-005
         530 SEC02$START             
  1.081570716594230E-003  2.958418716717705E-005
         531 PS11$START              
  1.081570716594230E-003  2.958418716717705E-005
         532 DRIFT_2                 
  1.170323278134601E-003  2.958418716717705E-005
         533 PS11$END                
  1.170323278134601E-003  2.958418716717705E-005
         534 PR.BHS11$START          
  1.170323278134601E-003  2.958418716717705E-005
         535 MP_F                    
  1.170323278134601E-003  2.959688397616469E-005
         536 PR.BH.F                 
  1.074368809445839E-003 -1.149021210381638E-004
         537 MP_J                    
  1.074368809445839E-003 -1.149248295363255E-004
         538 PR.BH.D                 
  9.614699509780750E-004  1.019527909032405E-005
         539 MP_D                    
  9.614699509780750E-004  1.020388199560822E-005
         540 PR.BHS11$END            
  9.614699509780750E-004  1.020388199560822E-005
         541 PS12$START              
  9.614699509780750E-004  1.020388199560822E-005
         542 DRIFT_7                 
  9.777961621718983E-004  1.020388199560822E-005
         543 PS12$END                
  9.777961621718983E-004  1.020388199560822E-005
         544 PR.BHR12$START          
  9.777961621718983E-004  1.020388199560822E-005
         545 MP_D                    
  9.777961621718983E-004  1.021277980763003E-005
         546 PR.BH.D                 
  1.140134753535705E-003  1.403790264116741E-004
         547 MP_J                    
  1.140134753535705E-003  1.403534526862688E-004
         548 PR.BH.F                 
  1.280597114527699E-003 -1.548014276734569E-005
         549 MP_F                    
  1.280597114527699E-003 -1.546494359501249E-005
         550 PR.BHR12$END            
  1.280597114527699E-003 -1.546494359501249E-005
         551 PS13$START              
  1.280597114527699E-003 -1.546494359501249E-005
         552 DRIFT_7                 
  1.255853204772719E-003 -1.546494359501249E-005
         553 PS13$END                
  1.255853204772719E-003 -1.546494359501249E-005
         554 PR.BHS13$START          
  1.255853204772719E-003 -1.546494359501249E-005
         555 MP_F                    
  1.255853204772719E-003 -1.545032544532127E-005
         556 PR.BH.F                 
  1.053848677238327E-003 -1.641351815388515E-004
         557 MP_J                    
  1.053848677238327E-003 -1.641570308696100E-004
         558 PR.BH.D                 
  8.243598135277736E-004 -4.872623817513398E-005
         559 MP_D                    
  8.243598135277736E-004 -4.871991552250863E-005
         560 PR.BHS13$END            
  8.243598135277736E-004 -4.871991552250863E-005
         561 PS14$START              
  8.243598135277736E-004 -4.871991552250863E-005
         562 DRIFT_7                 
  7.464079485992444E-004 -4.871991552250863E-005
         563 PS14$END                
  7.464079485992444E-004 -4.871991552250863E-005
         564 PR.BHU14$START          
  7.464079485992444E-004 -4.871991552250863E-005
         565 MP_D                    
  7.464079485992444E-004 -4.871473281395476E-005
         566 PR.BH.D                 
  7.398423999779886E-004  4.262425301755275E-005
         567 MP_J                    
  7.398423999779886E-004  4.261348439726927E-005
         568 PR.BH.F                 
  7.293328825749326E-004 -5.195671179104227E-005
         569 MP_F                    
  7.293328825749326E-004 -5.195177680170962E-005
         570 PR.BHU14$END            
  7.293328825749326E-004 -5.195177680170962E-005
         571 PS15$START              
  7.293328825749326E-004 -5.195177680170962E-005
         572 DRIFT_7                 
  6.462100395800225E-004 -5.195177680170962E-005
         573 PS15$END                
  6.462100395800225E-004 -5.195177680170962E-005
         574 PR.BHT15$START          
  6.462100395800225E-004 -5.195177680170962E-005
         575 MP_F                    
  6.462100395800225E-004 -5.194790201057643E-005
         576 PR.BH.F                 
  4.499789870286469E-004 -1.225071836178156E-004
         577 MP_J                    
  4.499789870286469E-004 -1.225111671295154E-004
         578 PR.BH.D                 
  2.309535333197981E-004 -8.066662493870033E-005
         579 MP_D                    
  2.309535333197981E-004 -8.066612920649512E-005
         580 PR.BHT15$END            
  2.309535333197981E-004 -8.066612920649512E-005
         581 PS16$START              
  2.309535333197981E-004 -8.066612920649512E-005
         582 DRIFT_2                 
 -1.104485508703199E-005 -8.066612920649512E-005
         583 PS16$END                
 -1.104485508703199E-005 -8.066612920649512E-005
         584 PR.BHU16$START          
 -1.104485508703199E-005 -8.066612920649512E-005
         585 MP_D                    
 -1.104485508703199E-005 -8.066612807324169E-005
         586 PR.BH.D                 
 -1.988648401229772E-004 -9.356459503005817E-005
         587 MP_J                    
 -1.988648401229772E-004 -9.356537306238207E-005
         588 PR.BH.F                 
 -3.682929325979218E-004 -5.706382390664205E-005
         589 MP_F                    
 -3.682929325979218E-004 -5.706256296316153E-005
         590 PR.BHU16$END            
 -3.682929325979218E-004 -5.706256296316153E-005
         591 PS17$START              
 -3.682929325979218E-004 -5.706256296316153E-005
         592 DRIFT_21                
 -4.521749002903365E-004 -5.706256296316153E-005
         593 PR.QFW17                
 -4.521749002903365E-004 -5.798727913875332E-005
         594 DRIFT_22                
 -4.597132465910481E-004 -5.798727913875332E-005
         595 PS17$END                
 -4.597132465910481E-004 -5.798727913875332E-005
         596 PR.BHT17$START          
 -4.597132465910481E-004 -5.798727913875332E-005
         597 MP_F                    
 -4.597132465910481E-004 -5.798531417012716E-005
         598 PR.BH.F                 
 -5.192883844023264E-004  5.020099464176683E-006
         599 MP_J                    
 -5.192883844023264E-004  5.014794299782325E-006
         600 PR.BH.D                 
 -5.813793359294666E-004 -6.261347589686707E-005
         601 MP_D                    
 -5.813793359294666E-004 -6.261033917572559E-005
         602 PR.BHT17$END            
 -5.813793359294666E-004 -6.261033917572559E-005
         603 PS18$START              
 -5.813793359294666E-004 -6.261033917572559E-005
         604 DRIFT_3                 
 -6.733539243588796E-004 -6.261033917572559E-005
         605 PR.QDW18                
 -6.733539243588796E-004 -6.018410023874034E-005
         606 DRIFT_4                 
 -6.812380415044350E-004 -6.018410023874034E-005
         607 PS18$END                
 -6.812380415044350E-004 -6.018410023874034E-005
         608 PR.BHU18$START          
 -6.812380415044350E-004 -6.018410023874034E-005
         609 MP_D                    
 -6.812380415044350E-004 -6.017979422286666E-005
         610 PR.BH.D                 
 -9.168281398931755E-004 -1.583657609034677E-004
         611 MP_J                    
 -9.168281398931755E-004 -1.583822979328715E-004
         612 PR.BH.F                 
 -1.125307784554731E-003 -2.696845148993283E-005
         613 MP_F                    
 -1.125307784554731E-003 -2.695666312940250E-005
         614 PR.BHU18$END            
 -1.125307784554731E-003 -2.695666312940250E-005
         615 PS19$START              
 -1.125307784554731E-003 -2.695666312940250E-005
         616 DRIFT_7                 
 -1.168438445577446E-003 -2.695666312940250E-005
         617 PS19$END                
 -1.168438445577446E-003 -2.695666312940250E-005
         618 PR.BHS19$START          
 -1.168438445577446E-003 -2.695666312940250E-005
         619 MP_F                    
 -1.168438445577446E-003 -2.694395280285135E-005
         620 PR.BH.F                 
 -1.067232705661552E-003  1.169220377857138E-004
         621 MP_J                    
 -1.067232705661552E-003  1.168996299515672E-004
         622 PR.BH.D                 
 -9.487156017863819E-004 -6.956883694880601E-006
         623 MP_D                    
 -9.487156017863819E-004 -6.948536538316658E-006
         624 PR.BHS19$END            
 -9.487156017863819E-004 -6.948536538316658E-006
         625 PS20$START              
 -9.487156017863819E-004 -6.948536538316658E-006
         626 DRIFT_7                 
 -9.598332602479573E-004 -6.948536538316658E-006
         627 PS20$END                
 -9.598332602479573E-004 -6.948536538316658E-006
         628 PR.BHR20$START          
 -9.598332602479573E-004 -6.948536538316658E-006
         629 MP_D                    
 -9.598332602479573E-004 -6.939992773668726E-006
         630 PR.BH.D                 
 -1.112013217704925E-003 -1.342302265261299E-004
         631 MP_J                    
 -1.112013217704925E-003 -1.342545542528430E-004
         632 PR.BH.F                 
 -1.243534424924871E-003  1.732401501793749E-005
         633 MP_F                    
 -1.243534424924871E-003  1.733841361957564E-005
         634 PR.BHR20$END            
 -1.243534424924871E-003  1.733841361957564E-005
         635 SEC02$END               
 -1.243534424924871E-003  1.733841361957564E-005
         636 SEC03$START             
 -1.243534424924871E-003  1.733841361957564E-005
         637 PS21$START              
 -1.243534424924871E-003  1.733841361957564E-005
         638 DRIFT_8                 
 -1.193963900379053E-003  1.733841361957564E-005
         639 PR.QFN21                
 -1.193963900379053E-003  1.489670858233395E-005
         640 DRIFT_9                 
 -1.191863464468711E-003  1.489670858233395E-005
         641 PS21$END                
 -1.191863464468711E-003  1.489670858233395E-005
         642 PR.BHT21$START          
 -1.191863464468711E-003  1.489670858233395E-005
         643 MP_F                    
 -1.191863464468711E-003  1.490993422110735E-005
         644 PR.BH.F                 
 -9.996969408669562E-004  1.559377616262475E-004
         645 MP_J                    
 -9.996969408669562E-004  1.559181000489083E-004
         646 PR.BH.D                 
 -7.815122709813398E-004  4.648140332046924E-005
         647 MP_D                    
 -7.815122709813398E-004  4.648706923760115E-005
         648 PR.BHT21$END            
 -7.815122709813398E-004  4.648706923760115E-005
         649 PS22$START              
 -7.815122709813398E-004  4.648706923760115E-005
         650 DRIFT_26                
 -7.122000506731810E-004  4.648706923760115E-005
         651 PR.QDW22                
 -7.122000506731810E-004  4.905327911825401E-005
         652 DRIFT_27                
 -7.068532432428623E-004  4.905327911825401E-005
         653 PS22$END                
 -7.068532432428623E-004  4.905327911825401E-005
         654 PR.BHR22$START          
 -7.068532432428623E-004  4.905327911825401E-005
         655 MP_D                    
 -7.068532432428623E-004  4.905791482671657E-005
         656 PR.BH.D                 
 -6.938590668325708E-004 -3.700385284311937E-005
         657 MP_J                    
 -6.938590668325708E-004 -3.701332446091978E-005
         658 PR.BH.F                 
 -6.778327256951819E-004  5.126158712755355E-005
         659 MP_F                    
 -6.778327256951819E-004  5.126586078920734E-005
         660 PR.BHR22$END            
 -6.778327256951819E-004  5.126586078920734E-005
         661 PS23$START              
 -6.778327256951819E-004  5.126586078920734E-005
         662 DRIFT_7                 
 -5.958073483246600E-004  5.126586078920734E-005
         663 PS23$END                
 -5.958073483246600E-004  5.126586078920734E-005
         664 PR.BHT23$START          
 -5.958073483246600E-004  5.126586078920734E-005
         665 MP_F                    
 -5.958073483246600E-004  5.126916221506531E-005
         666 PR.BH.F                 
 -4.078217966727708E-004  1.158592421747750E-004
         667 MP_J                    
 -4.078217966727708E-004  1.158559701054469E-004
         668 PR.BH.D                 
 -1.981778065482798E-004  7.861999120805933E-005
         669 MP_D                    
 -1.981778065482798E-004  7.862035593626168E-005
         670 PR.BHT23$END            
 -1.981778065482798E-004  7.862035593626168E-005
         671 PS24$START              
 -1.981778065482798E-004  7.862035593626168E-005
         672 DRIFT_7                 
 -7.238523666148753E-005  7.862035593626168E-005
         673 PS24$END                
 -7.238523666148753E-005  7.862035593626168E-005
         674 PR.BHU24$START          
 -7.238523666148753E-005  7.862035593626168E-005
         675 MP_D                    
 -7.238523666148753E-005  7.862040460595294E-005
         676 PR.BH.D                 
  9.887446106983374E-005  8.024808577399980E-005
         677 MP_J                    
  9.887446106983374E-005  8.024789344273469E-005
         678 PR.BH.F                 
  2.538648382005484E-004  5.754414981932009E-005
         679 MP_F                    
  2.538648382005484E-004  5.754474825660595E-005
         680 PR.BHU24$END            
  2.538648382005484E-004  5.754474825660595E-005
         681 PS25$START              
  2.538648382005484E-004  5.754474825660595E-005
         682 DRIFT_7                 
  3.459364355635619E-004  5.754474825660595E-005
         683 PS25$END                
  3.459364355635619E-004  5.754474825660595E-005
         684 PR.BHT25$START          
  3.459364355635619E-004  5.754474825660595E-005
         685 MP_F                    
  3.459364355635619E-004  5.754585930455972E-005
         686 PR.BH.F                 
  4.199439947212372E-004  8.249239035440301E-006
         687 MP_J                    
  4.199439947212372E-004  8.245769555507268E-006
         688 PR.BH.D                 
  4.985701728886723E-004  6.469132718477293E-005
         689 MP_D                    
  4.985701728886723E-004  6.469363851247362E-005
         690 PR.BHT25$END            
  4.985701728886723E-004  6.469363851247362E-005
         691 PS26$START              
  4.985701728886723E-004  6.469363851247362E-005
         692 DRIFT_2                 
  6.926510888322333E-004  6.469363851247362E-005
         693 PS26$END                
  6.926510888322333E-004  6.469363851247362E-005
         694 PR.BHR26$START          
  6.926510888322333E-004  6.469363851247362E-005
         695 MP_D                    
  6.926510888322333E-004  6.469810114325303E-005
         696 PR.BH.D                 
  9.403259534062691E-004  1.650554347361871E-004
         697 MP_J                    
  9.403259534062691E-004  1.650380391737255E-004
         698 PR.BH.F                 
  1.159556723554750E-003  2.986233809227424E-005
         699 MP_F                    
  1.159556723554750E-003  2.987480261021054E-005
         700 PR.BHR26$END            
  1.159556723554750E-003  2.987480261021054E-005
         701 PS27$START              
  1.159556723554750E-003  2.987480261021054E-005
         702 DRIFT_3                 
  1.203442808608733E-003  2.987480261021054E-005
         703 PR.QFW27                
  1.203442808608733E-003  3.233589240269033E-005
         704 DRIFT_4                 
  1.207678810515701E-003  3.233589240269033E-005
         705 PS27$END                
  1.207678810515701E-003  3.233589240269033E-005
         706 PR.BHS27$START          
  1.207678810515701E-003  3.233589240269033E-005
         707 MP_F                    
  1.207678810515701E-003  3.234941175807577E-005
         708 PR.BH.F                 
  1.112452954157100E-003 -1.170068302310960E-004
         709 MP_J                    
  1.112452954157100E-003 -1.170311772020109E-004
         710 PR.BH.D                 
  1.000095903680969E-003  1.280425645354152E-005
         711 MP_D                    
  1.000095903680969E-003  1.281356511917919E-005
         712 PR.BHS27$END            
  1.000095903680969E-003  1.281356511917919E-005
         713 PS28$START              
  1.000095903680969E-003  1.281356511917919E-005
         714 DRIFT_28                
  1.018944657972828E-003  1.281356511917919E-005
         715 PR.QDW28                
  1.018944657972828E-003  9.142088479073982E-006
         716 DRIFT_29                
  1.020123987386678E-003  9.142088479073982E-006
         717 PS28$END                
  1.020123987386678E-003  9.142088479073982E-006
         718 PR.BHU28$START          
  1.020123987386678E-003  9.142088479073982E-006
         719 MP_D                    
  1.020123987386678E-003  9.151774063431922E-006
         720 PR.BH.D                 
  1.186020587668203E-003  1.447405390865455E-004
         721 MP_J                    
  1.186020587668203E-003  1.447128654593964E-004
         722 PR.BH.F                 
  1.329430273070007E-003 -1.721946757983481E-005
         723 MP_F                    
  1.329430273070007E-003 -1.720308859219452E-005
         724 PR.BHU28$END            
  1.329430273070007E-003 -1.720308859219452E-005
         725 PS29$START              
  1.329430273070007E-003 -1.720308859219452E-005
         726 DRIFT_7                 
  1.301905331318422E-003 -1.720308859219452E-005
         727 PS29$END                
  1.301905331318422E-003 -1.720308859219452E-005
         728 PR.BHT29$START          
  1.301905331318422E-003 -1.720308859219452E-005
         729 MP_F                    
  1.301905331318422E-003 -1.718738002021687E-005
         730 PR.BH.F                 
  1.090036607323435E-003 -1.711673994214569E-004
         731 MP_J                    
  1.090036607323435E-003 -1.711907750768566E-004
         732 PR.BH.D                 
  8.494428503005014E-004 -5.199380213290653E-005
         733 MP_D                    
  8.494428503005014E-004 -5.198708855876161E-005
         734 PR.BHT29$END            
  8.494428503005014E-004 -5.198708855876161E-005
         735 PS30$START              
  8.494428503005014E-004 -5.198708855876161E-005
         736 DRIFT_7                 
  7.662635084940792E-004 -5.198708855876161E-005
         737 PS30$END                
  7.662635084940792E-004 -5.198708855876161E-005
         738 PR.BHR30$START          
  7.662635084940792E-004 -5.198708855876161E-005
         739 MP_D                    
  7.662635084940792E-004 -5.198162625045303E-005
         740 PR.BH.D                 
  7.549726089063347E-004  4.150771290290194E-005
         741 MP_J                    
  7.549726089063347E-004  4.149649932975649E-005
         742 PR.BH.F                 
  7.400766339070154E-004 -5.473939498199019E-005
         743 MP_F                    
  7.400766339070154E-004 -5.473431362802500E-005
         744 PR.BHR30$END            
  7.400766339070154E-004 -5.473431362802500E-005
         745 SEC03$END               
  7.400766339070154E-004 -5.473431362802500E-005
         746 SEC04$START             
  7.400766339070154E-004 -5.473431362802500E-005
         747 PS31$START              
  7.400766339070154E-004 -5.473431362802500E-005
         748 DRIFT_30                
  5.829891535592790E-004 -5.473431362802500E-005
         749 PR.QFW31                
  5.829891535592790E-004 -5.354207695114470E-005
         750 DRIFT_22                
  5.760286835456535E-004 -5.354207695114470E-005
         751 PS31$END                
  5.760286835456535E-004 -5.354207695114470E-005
         752 PR.BHT31$START          
  5.760286835456535E-004 -5.354207695114470E-005
         753 MP_F                    
  5.760286835456535E-004 -5.353899770039295E-005
         754 PR.BH.F                 
  3.859373165727866E-004 -1.154579759718072E-004
         755 MP_J                    
  3.859373165727866E-004 -1.154609062926582E-004
         756 PR.BH.D                 
  1.741034448792966E-004 -8.104573244397307E-005
         757 MP_D                    
  1.741034448792966E-004 -8.104545075632801E-005
         758 PR.BHT31$END            
  1.741034448792966E-004 -8.104545075632801E-005
         759 PS32$START              
  1.741034448792966E-004 -8.104545075632801E-005
         760 DRIFT_28                
  5.488558642520482E-005 -8.104545075632801E-005
         761 PR.QDW32                
  5.488558642520482E-005 -8.124321532269760E-005
         762 DRIFT_29                
  4.440521161398764E-005 -8.124321532269760E-005
         763 PS32$END                
  4.440521161398764E-005 -8.124321532269760E-005
         764 PR.BHR32$START          
  4.440521161398764E-005 -8.124321532269760E-005
         765 MP_D                    
  4.440521161398764E-005 -8.124319700298572E-005
         766 PR.BH.D                 
 -1.368801690793134E-004 -8.692565153510297E-005
         767 MP_J                    
 -1.368801690793134E-004 -8.692602014135371E-005
         768 PR.BH.F                 
 -3.007489528251565E-004 -5.876049657442634E-005
         769 MP_F                    
 -3.007489528251565E-004 -5.875965583124724E-005
         770 PR.BHR32$END            
 -3.007489528251565E-004 -5.875965583124724E-005
         771 PS33$START              
 -3.007489528251565E-004 -5.875965583124724E-005
         772 DRIFT_7                 
 -3.947644023174567E-004 -5.875965583124724E-005
         773 PS33$END                
 -3.947644023174567E-004 -5.875965583124724E-005
         774 PR.BHS33$START          
 -3.947644023174567E-004 -5.875965583124724E-005
         775 MP_F                    
 -3.947644023174567E-004 -5.875820703978025E-005
         776 PR.BH.F                 
 -4.647287570848005E-004 -3.443449580922706E-006
         777 MP_J                    
 -4.647287570848005E-004 -3.447698522150971E-006
         778 PR.BH.D                 
 -5.386193038200336E-004 -6.509685733307136E-005
         779 MP_D                    
 -5.386193038200336E-004 -6.509416484163201E-005
         780 PR.BHS33$END            
 -5.386193038200336E-004 -6.509416484163201E-005
         781 PS34$START              
 -5.386193038200336E-004 -6.509416484163201E-005
         782 DRIFT_7                 
 -6.427699677873023E-004 -6.509416484163201E-005
         783 PS34$END                
 -6.427699677873023E-004 -6.509416484163201E-005
         784 PR.BHR34$START          
 -6.427699677873023E-004 -6.509416484163201E-005
         785 MP_D                    
 -6.427699677873023E-004 -6.509033113048898E-005
         786 PR.BH.D                 
 -8.842416429620502E-004 -1.589112256215486E-004
         787 MP_J                    
 -8.842416429620502E-004 -1.589266080023196E-004
         788 PR.BH.F                 
 -1.098261507507333E-003 -3.134960185871343E-005
         789 MP_F                    
 -1.098261507507333E-003 -3.133837390024084E-005
         790 PR.BHR34$END            
 -1.098261507507333E-003 -3.133837390024084E-005
         791 PS35$START              
 -1.098261507507333E-003 -3.133837390024084E-005
         792 DRIFT_23                
 -1.143984195050239E-003 -3.133837390024084E-005
         793 PR.QFN35                
 -1.143984195050239E-003 -3.367786839474965E-005
         794 DRIFT_9                 
 -1.148732774496592E-003 -3.367786839474965E-005
         795 PS35$END                
 -1.148732774496592E-003 -3.367786839474965E-005
         796 PR.BHT35$START          
 -1.148732774496592E-003 -3.367786839474965E-005
         797 MP_F                    
 -1.148732774496592E-003 -3.366558361428897E-005
         798 PR.BH.F                 
 -1.064286953917332E-003  1.087430580970374E-004
         799 MP_J                    
 -1.064286953917332E-003  1.087207737913760E-004
         800 PR.BH.D                 
 -9.642359622359909E-004 -1.590816790616342E-005
         801 MP_D                    
 -9.642359622359909E-004 -1.589954565129594E-005
         802 PR.BHT35$END            
 -9.642359622359909E-004 -1.589954565129594E-005
         803 PS36$START              
 -9.642359622359909E-004 -1.589954565129594E-005
         804 DRIFT_31                
 -1.009756361441405E-003 -1.589954565129594E-005
         805 PR.QDN36                
 -1.009756361441405E-003 -1.226117641875553E-005
         806 DRIFT_32                
 -1.011436142610900E-003 -1.226117641875553E-005
         807 PS36$END                
 -1.011436142610900E-003 -1.226117641875553E-005
         808 PR.BHR36$START          
 -1.011436142610900E-003 -1.226117641875553E-005
         809 MP_D                    
 -1.011436142610900E-003 -1.225169018476801E-005
         810 PR.BH.D                 
 -1.183198696384533E-003 -1.470844516310158E-004
         811 MP_J                    
 -1.183198696384533E-003 -1.471119937274541E-004
         812 PR.BH.F                 
 -1.332084116333295E-003  1.474335932140056E-005
         813 MP_F                    
 -1.332084116333295E-003  1.475988420194088E-005
         814 PR.BHR36$END            
 -1.332084116333295E-003  1.475988420194088E-005
         815 PS37$START              
 -1.332084116333295E-003  1.475988420194088E-005
         816 DRIFT_7                 
 -1.308468301607617E-003  1.475988420194088E-005
         817 PS37$END                
 -1.308468301607617E-003  1.475988420194088E-005
         818 PR.BHT37$START          
 -1.308468301607617E-003  1.475988420194088E-005
         819 MP_F                    
 -1.308468301607617E-003  1.477582766586924E-005
         820 PR.BH.F                 
 -1.100845963896540E-003  1.698134603580456E-004
         821 MP_J                    
 -1.100845963896540E-003  1.697896187942106E-004
         822 PR.BH.D                 
 -8.649801551219778E-004  4.901196743013146E-005
         823 MP_D                    
 -8.649801551219778E-004  4.901890719798650E-005
         824 PR.BHT37$END            
 -8.649801551219778E-004  4.901890719798650E-005
         825 PS38$START              
 -8.649801551219778E-004  4.901890719798650E-005
         826 DRIFT_7                 
 -7.865499035109701E-004  4.901890719798650E-005
         827 PS38$END                
 -7.865499035109701E-004  4.901890719798650E-005
         828 PR.BHR38$START          
 -7.865499035109701E-004  4.901890719798650E-005
         829 MP_D                    
 -7.865499035109701E-004  4.902464634300654E-005
         830 PR.BH.D                 
 -7.849369643147695E-004 -4.752840067949057E-005
         831 MP_J                    
 -7.849369643147695E-004 -4.754052203509814E-005
         832 PR.BH.F                 
 -7.787001151719947E-004  5.308542147448135E-005
         833 MP_F                    
 -7.787001151719947E-004  5.309106272975125E-005
         834 PR.BHR38$END            
 -7.787001151719947E-004  5.309106272975125E-005
         835 PS39$START              
 -7.787001151719947E-004  5.309106272975125E-005
         836 DRIFT_23                
 -7.012402545401179E-004  5.309106272975125E-005
         837 PR.QFN39                
 -7.012402545401179E-004  5.165699771213751E-005
         838 DRIFT_9                 
 -6.939566178529875E-004  5.165699771213751E-005
         839 PS39$END                
 -6.939566178529875E-004  5.165699771213751E-005
         840 PR.BHT39$START          
 -6.939566178529875E-004  5.165699771213751E-005
         841 MP_F                    
 -6.939566178529875E-004  5.166147724302862E-005
         842 PR.BH.F                 
 -4.918991513349848E-004  1.279779068742624E-004
         843 MP_J                    
 -4.918991513349848E-004  1.279731465802597E-004
         844 PR.BH.D                 
 -2.662052574497195E-004  8.139159203867813E-005
         845 MP_D                    
 -2.662052574497195E-004  8.139225005833573E-005
         846 PR.BHT39$END            
 -2.662052574497195E-004  8.139225005833573E-005
         847 PS40$START              
 -2.662052574497195E-004  8.139225005833573E-005
         848 DRIFT_33                
 -2.359273403277310E-004  8.139225005833573E-005
         849 PI.BSW40                
 -2.196488902621440E-004  8.139225005833573E-005
         850 DRIFT_34                
 -1.456633347140514E-004  8.139225005833573E-005
         851 PR.QDN40                
 -1.456633347140514E-004  8.191710636582787E-005
         852 DRIFT_13                
 -1.359151990238086E-004  8.191710636582787E-005
         853 PS40$END                
 -1.359151990238086E-004  8.191710636582787E-005
         854 PR.BHU40$START          
 -1.359151990238086E-004  8.191710636582787E-005
         855 MP_D                    
 -1.359151990238086E-004  8.191727793707427E-005
         856 PR.BH.D                 
  3.394307325923525E-005  7.565125223308069E-005
         857 MP_J                    
  3.394307325923525E-005  7.565122956660742E-005
         858 PR.BH.F                 
  1.880577286842544E-004  6.136245985766739E-005
         859 MP_F                    
  1.880577286842544E-004  6.136278829183349E-005
         860 PR.BHU40$END            
  1.880577286842544E-004  6.136278829183349E-005
         861 SEC04$END               
  1.880577286842544E-004  6.136278829183349E-005
         862 SEC05$START             
  1.880577286842544E-004  6.136278829183349E-005
         863 PS41$START              
  1.880577286842544E-004  6.136278829183349E-005
         864 DRIFT_2                 
  3.721460939063372E-004  6.136278829183349E-005
         865 PS41$END                
  3.721460939063372E-004  6.136278829183349E-005
         866 PR.BHT41$START          
  3.721460939063372E-004  6.136278829183349E-005
         867 MP_F                    
  3.721460939063372E-004  6.136407401135892E-005
         868 PR.BH.F                 
  4.506241971558583E-004  8.405438589047769E-006
         869 MP_J                    
  4.506241971558583E-004  8.401443645504068E-006
         870 PR.BH.D                 
  5.339635179907965E-004  6.890775424656825E-005
         871 MP_D                    
  5.339635179907965E-004  6.891040555352103E-005
         872 PR.BHT41$END            
  5.339635179907965E-004  6.891040555352103E-005
         873 PS42$START              
  5.339635179907965E-004  6.891040555352103E-005
         874 DRIFT_33                
  5.595981889175682E-004  6.891040555352103E-005
         875 PI.BSW42                
  5.733802700609954E-004  6.891040555352103E-005
         876 DRIFT_35                
  6.442201671382130E-004  6.891040555352103E-005
         877 PS42$END                
  6.442201671382130E-004  6.891040555352103E-005
         878 PR.BHR42$START          
  6.442201671382130E-004  6.891040555352103E-005
         879 MP_D                    
  6.442201671382130E-004  6.891426559861069E-005
         880 PR.BH.D                 
  8.947566749027072E-004  1.634939225370342E-004
         881 MP_J                    
  8.947566749027072E-004  1.634781721393627E-004
         882 PR.BH.F                 
  1.116869623658293E-003  3.398470651385716E-005
         883 MP_F                    
  1.116869623658293E-003  3.399627111096230E-005
         884 PR.BHR42$END            
  1.116869623658293E-003  3.399627111096230E-005
         885 PS43$START              
  1.116869623658293E-003  3.399627111096230E-005
         886 DRIFT_36                
  1.131698797125463E-003  3.399627111096230E-005
         887 PI.BSW43                
  1.138498051351585E-003  3.399627111096230E-005
         888 DRIFT_37                
  1.171263657467264E-003  3.399627111096230E-005
         889 PS43$END                
  1.171263657467264E-003  3.399627111096230E-005
         890 PR.BHT43$START          
  1.171263657467264E-003  3.399627111096230E-005
         891 MP_F                    
  1.171263657467264E-003  3.400898831048106E-005
         892 PR.BH.F                 
  1.084437660066510E-003 -1.111988421126273E-004
         893 MP_J                    
  1.084437660066510E-003 -1.112219782477536E-004
         894 PR.BH.D                 
  9.815178258358423E-004  1.574938413650262E-005
         895 MP_D                    
  9.815178258358423E-004  1.575834987120930E-005
         896 PR.BHT43$END            
  9.815178258358423E-004  1.575834987120930E-005
         897 PS44$START              
  9.815178258358423E-004  1.575834987120930E-005
         898 DRIFT_38                
  9.968507002624319E-004  1.575834987120930E-005
         899 PI.BSW44                
  1.000002370237065E-003  1.575834987120930E-005
         900 DRIFT_39                
  1.006731185632907E-003  1.575834987120930E-005
         901 PS44$END                
  1.006731185632907E-003  1.575834987120930E-005
         902 PR.BHR44$START          
  1.006731185632907E-003  1.575834987120930E-005
         903 MP_D                    
  1.006731185632907E-003  1.576778257950535E-005
         904 PR.BH.D                 
  1.186003316240798E-003  1.505322141663706E-004
         905 MP_J                    
  1.186003316240798E-003  1.505045413452102E-004
         906 PR.BH.F                 
  1.341564810415866E-003 -1.220801826735612E-005
         907 MP_F                    
  1.341564810415866E-003 -1.219133928466527E-005
         908 PR.BHR44$END            
  1.341564810415866E-003 -1.219133928466527E-005
         909 PS45$START              
  1.341564810415866E-003 -1.219133928466527E-005
         910 DRIFT_23                
  1.323777646398217E-003 -1.219133928466527E-005
         911 PR.QFN45                
  1.323777646398217E-003 -9.484159824404941E-006
         912 DRIFT_9                 
  1.322440379862916E-003 -9.484159824404941E-006
         913 PS45$END                
  1.322440379862916E-003 -9.484159824404941E-006
         914 PR.BHT45$START          
  1.322440379862916E-003 -9.484159824404941E-006
         915 MP_F                    
  1.322440379862916E-003 -9.467952411021144E-006
         916 PR.BH.F                 
  1.123991357218521E-003 -1.669563876508041E-004
         917 MP_J                    
  1.123991357218521E-003 -1.669812422963057E-004
         918 PR.BH.D                 
  8.979366380587183E-004 -4.271627320589926E-005
         919 MP_D                    
  8.979366380587183E-004 -4.270877054967280E-005
         920 PR.BHT45$END            
  8.979366380587183E-004 -4.270877054967280E-005
         921 PS46$START              
  8.979366380587183E-004 -4.270877054967280E-005
         922 DRIFT_40                
  7.752343401575990E-004 -4.270877054967280E-005
         923 PR.QDN46                
  7.752343401575990E-004 -4.550210652550349E-005
         924 DRIFT_41                
  7.694555726228799E-004 -4.550210652550349E-005
         925 PS46$END                
  7.694555726228799E-004 -4.550210652550349E-005
         926 PR.BHR46$START          
  7.694555726228799E-004 -4.550210652550349E-005
         927 MP_D                    
  7.694555726228799E-004 -4.549659858125651E-005
         928 PR.BH.D                 
  7.735915804090601E-004  4.933333310110773E-005
         929 MP_J                    
  7.735915804090601E-004  4.932155961438635E-005
         930 PR.BH.F                 
  7.725961563828805E-004 -5.020651605743684E-005
         931 MP_F                    
  7.725961563828805E-004 -5.020097866603721E-005
         932 PR.BHR46$END            
  7.725961563828805E-004 -5.020097866603721E-005
         933 PS47$START              
  7.725961563828805E-004 -5.020097866603721E-005
         934 DRIFT_7                 
  6.922745904160090E-004 -5.020097866603721E-005
         935 PS47$END                
  6.922745904160090E-004 -5.020097866603721E-005
         936 PR.BHS47$START          
  6.922745904160090E-004 -5.020097866603721E-005
         937 MP_F                    
  6.922745904160090E-004 -5.019653213880683E-005
         938 PR.BH.F                 
  4.934967246529004E-004 -1.265225723954491E-004
         939 MP_J                    
  4.934967246529004E-004 -1.265273636603048E-004
         940 PR.BH.D                 
  2.713730790603241E-004 -7.952439189894470E-005
         941 MP_D                    
  2.713730790603241E-004 -7.952370741492150E-005
         942 PR.BHS47$END            
  2.713730790603241E-004 -7.952370741492150E-005
         943 PS48$START              
  2.713730790603241E-004 -7.952370741492150E-005
         944 DRIFT_7                 
  1.441351467941205E-004 -7.952370741492150E-005
         945 PS48$END                
  1.441351467941205E-004 -7.952370741492150E-005
         946 PR.BHR48$START          
  1.441351467941205E-004 -7.952370741492150E-005
         947 MP_D                    
  1.441351467941205E-004 -7.952351436518199E-005
         948 PR.BH.D                 
 -1.902989687463906E-005 -7.183594736051051E-005
         949 MP_J                    
 -1.902989687463906E-005 -7.183595448501229E-005
         950 PR.BH.F                 
 -1.671546233730111E-004 -5.985304745106120E-005
         951 MP_F                    
 -1.671546233730111E-004 -5.985278780270998E-005
         952 PR.BHR48$END            
 -1.671546233730111E-004 -5.985278780270998E-005
         953 PS49$START              
 -1.671546233730111E-004 -5.985278780270998E-005
         954 DRIFT_12                
 -2.557966022675975E-004 -5.985278780270998E-005
         955 PR.QFN49                
 -2.557966022675975E-004 -6.037590232239338E-005
         956 DRIFT_13                
 -2.629813346570591E-004 -6.037590232239338E-005
         957 PS49$END                
 -2.629813346570591E-004 -6.037590232239338E-005
         958 PR.BHT49$START          
 -2.629813346570591E-004 -6.037590232239338E-005
         959 MP_F                    
 -2.629813346570591E-004 -6.037525952382619E-005
         960 PR.BH.F                 
 -3.541287037322297E-004 -2.065889651783386E-005
         961 MP_J                    
 -3.541287037322297E-004 -2.066136371517918E-005
         962 PR.BH.D                 
 -4.520746062296278E-004 -7.019807997062726E-005
         963 MP_D                    
 -4.520746062296278E-004 -7.019618291931258E-005
         964 PR.BHT49$END            
 -4.520746062296278E-004 -7.019618291931258E-005
         965 PS50$START              
 -4.520746062296278E-004 -7.019618291931258E-005
         966 DRIFT_21                
 -5.552629953752500E-004 -7.019618291931258E-005
         967 PR.QDN50                
 -5.552629953752500E-004 -6.819545098487082E-005
         968 DRIFT_22                
 -5.641284040238978E-004 -6.819545098487082E-005
         969 PS50$END                
 -5.641284040238978E-004 -6.819545098487082E-005
         970 PR.BHR50$START          
 -5.641284040238978E-004 -6.819545098487082E-005
         971 MP_D                    
 -5.641284040238978E-004 -6.819249755754653E-005
         972 PR.BH.D                 
 -8.016079313529664E-004 -1.521056190781426E-004
         973 MP_J                    
 -8.016079313529664E-004 -1.521182607828273E-004
         974 PR.BH.F                 
 -1.012499311152666E-003 -3.537620016524442E-005
         975 MP_F                    
 -1.012499311152666E-003 -3.536665879840872E-005
         976 PR.BHR50$END            
 -1.012499311152666E-003 -3.536665879840872E-005
         977 SEC05$END               
 -1.012499311152666E-003 -3.536665879840872E-005
         978 SEC06$START             
 -1.012499311152666E-003 -3.536665879840872E-005
         979 PS51$START              
 -1.012499311152666E-003 -3.536665879840872E-005
         980 DRIFT_2                 
 -1.118599287614248E-003 -3.536665879840872E-005
         981 PS51$END                
 -1.118599287614248E-003 -3.536665879840872E-005
         982 PR.BHT51$START          
 -1.118599287614248E-003 -3.536665879840872E-005
         983 MP_F                    
 -1.118599287614248E-003 -3.535501071398416E-005
         984 PR.BH.F                 
 -1.041764473737550E-003  1.036657979645249E-004
         985 MP_J                    
 -1.041764473737550E-003  1.036444468418560E-004
         986 PR.BH.D                 
 -9.502396860560436E-004 -1.874121021055215E-005
         987 MP_D                    
 -9.502396860560436E-004 -1.873283623674170E-005
         988 PR.BHT51$END            
 -9.502396860560436E-004 -1.873283623674170E-005
         989 PS52$START              
 -9.502396860560436E-004 -1.873283623674170E-005
         990 DRIFT_7                 
 -9.802122240400899E-004 -1.873283623674170E-005
         991 PS52$END                
 -9.802122240400899E-004 -1.873283623674170E-005
         992 PR.BHR52$START          
 -9.802122240400899E-004 -1.873283623674170E-005
         993 MP_D                    
 -9.802122240400899E-004 -1.872392615258240E-005
         994 PR.BH.D                 
 -1.162489975569271E-003 -1.503666468305018E-004
         995 MP_J                    
 -1.162489975569271E-003 -1.503932332628368E-004
         996 PR.BH.F                 
 -1.321053570882803E-003  9.420132218692530E-006
         997 MP_F                    
 -1.321053570882803E-003  9.436384230394277E-006
         998 PR.BHR52$END            
 -1.321053570882803E-003  9.436384230394277E-006
         999 PS53$START              
 -1.321053570882803E-003  9.436384230394277E-006
        1000 DRIFT_7                 
 -1.305955356113500E-003  9.436384230394277E-006
        1001 PS53$END                
 -1.305955356113500E-003  9.436384230394277E-006
        1002 PR.BHS53$START          
 -1.305955356113500E-003  9.436384230394277E-006
        1003 MP_F                    
 -1.305955356113500E-003  9.452266440505803E-006
        1004 PR.BH.F                 
 -1.109839697038540E-003  1.649068744967344E-004
        1005 MP_J                    
 -1.109839697038540E-003  1.648826417781380E-004
        1006 PR.BH.D                 
 -8.865790637310962E-004  4.222573889703025E-005
        1007 MP_D                    
 -8.865790637310962E-004  4.223302928311255E-005
        1008 PR.BHS53$END            
 -8.865790637310962E-004  4.223302928311255E-005
        1009 PS54$START              
 -8.865790637310962E-004  4.223302928311255E-005
        1010 DRIFT_42                
 -8.526448246718529E-004  4.223302928311255E-005
        1011 PR.BWSH54               
 -8.526448246718529E-004  4.223302928311255E-005
        1012 DRIFT_43                
 -8.190062168178528E-004  4.223302928311255E-005
        1013 PS54$END                
 -8.190062168178528E-004  4.223302928311255E-005
        1014 PR.BHR54$START          
 -8.190062168178528E-004  4.223302928311255E-005
        1015 MP_D                    
 -8.190062168178528E-004  4.223925147476657E-005
        1016 PR.BH.D                 
 -8.376635596290348E-004 -5.954677074881733E-005
        1017 MP_J                    
 -8.376635596290348E-004 -5.956057525500186E-005
        1018 PR.BH.F                 
 -8.495247985479565E-004  4.901527204870564E-005
        1019 MP_F                    
 -8.495247985479565E-004  4.902198701292561E-005
        1020 PR.BHR54$END            
 -8.495247985479565E-004  4.902198701292561E-005
        1021 PS55$START              
 -8.495247985479565E-004  4.902198701292561E-005
        1022 DRIFT_23                
 -7.780017194101547E-004  4.902198701292561E-005
        1023 PR.QFN55                
 -7.780017194101547E-004  4.743094165831867E-005
        1024 DRIFT_9                 
 -7.713139566288081E-004  4.743094165831867E-005
        1025 PS55$END                
 -7.713139566288081E-004  4.743094165831867E-005
        1026 PR.BHT55$START          
 -7.713139566288081E-004  4.743094165831867E-005
        1027 MP_F                    
 -7.713139566288081E-004  4.743647632895521E-005
        1028 PR.BH.F                 
 -5.676775172102124E-004  1.336069958394261E-004
        1029 MP_J                    
 -5.676775172102124E-004  1.336006559013150E-004
        1030 PR.BH.D                 
 -3.397402247738363E-004  7.784527448093219E-005
        1031 MP_D                    
 -3.397402247738363E-004  7.784634610262194E-005
        1032 PR.BHT55$END            
 -3.397402247738363E-004  7.784634610262194E-005
        1033 PS56$START              
 -3.397402247738363E-004  7.784634610262194E-005
        1034 DRIFT_8                 
 -1.171775205920707E-004  7.784634610262194E-005
        1035 PR.QDW56                
 -1.171775205920707E-004  7.826856189837983E-005
        1036 DRIFT_9                 
 -1.061416533305949E-004  7.826856189837983E-005
        1037 PS56$END                
 -1.061416533305949E-004  7.826856189837983E-005
        1038 PR.BHU56$START          
 -1.061416533305949E-004  7.826856189837983E-005
        1039 MP_D                    
 -1.061416533305949E-004  7.826866653980600E-005
        1040 PR.BH.D                 
  5.951647963671471E-005  7.540358839215898E-005
        1041 MP_J                    
  5.951647963671471E-005  7.540351870446402E-005
        1042 PR.BH.F                 
  2.096586384078907E-004  5.807840440456675E-005
        1043 MP_F                    
  2.096586384078907E-004  5.807881260576322E-005
        1044 PR.BHU56$END            
  2.096586384078907E-004  5.807881260576322E-005
        1045 PS57$START              
  2.096586384078907E-004  5.807881260576322E-005
        1046 DRIFT_7                 
  3.025847387338397E-004  5.807881260576322E-005
        1047 PS57$END                
  3.025847387338397E-004  5.807881260576322E-005
        1048 PR.BHT57$START          
  3.025847387338397E-004  5.807881260576322E-005
        1049 MP_F                    
  3.025847387338397E-004  5.807966270332124E-005
        1050 PR.BH.F                 
  3.835658465171023E-004  1.391520672026259E-005
        1051 MP_J                    
  3.835658465171023E-004  1.391231230067099E-005
        1052 PR.BH.D                 
  4.701137032624963E-004  6.637329881677072E-005
        1053 MP_D                    
  4.701137032624963E-004  6.637535372449627E-005
        1054 PR.BHT57$END            
  4.701137032624963E-004  6.637535372449627E-005
        1055 PS58$START              
  4.701137032624963E-004  6.637535372449627E-005
        1056 DRIFT_7                 
  5.763142694556350E-004  6.637535372449627E-005
        1057 PS58$END                
  5.763142694556350E-004  6.637535372449627E-005
        1058 PR.BHU58$START          
  5.763142694556350E-004  6.637535372449627E-005
        1059 MP_D                    
  5.763142694556350E-004  6.637844251866315E-005
        1060 PR.BH.D                 
  8.113583866010391E-004  1.516584635044248E-004
        1061 MP_J                    
  8.113583866010391E-004  1.516455123915385E-004
        1062 PR.BH.F                 
  1.019912559424508E-003  3.376370477850188E-005
        1063 MP_F                    
  1.019912559424508E-003  3.377335036804631E-005
        1064 PR.BHU58$END            
  1.019912559424508E-003  3.377335036804631E-005
        1065 PS59$START              
  1.019912559424508E-003  3.377335036804631E-005
        1066 DRIFT_21                
  1.069559384493852E-003  3.377335036804631E-005
        1067 PR.QFW59                
  1.069559384493852E-003  3.596064307925698E-005
        1068 DRIFT_22                
  1.074234268097178E-003  3.596064307925698E-005
        1069 PS59$END                
  1.074234268097178E-003  3.596064307925698E-005
        1070 PR.BHT59$START          
  1.074234268097178E-003  3.596064307925698E-005
        1071 MP_F                    
  1.074234268097178E-003  3.597134243352640E-005
        1072 PR.BH.F                 
  1.004629983970007E-003 -9.785090612861478E-005
        1073 MP_J                    
  1.004629983970007E-003 -9.787076222632997E-005
        1074 PR.BH.D                 
  9.212110598197669E-004  2.048796359153624E-005
        1075 MP_D                    
  9.212110598197669E-004  2.049586055782949E-005
        1076 PR.BHT59$END            
  9.212110598197669E-004  2.049586055782949E-005
        1077 PS60$START              
  9.212110598197669E-004  2.049586055782949E-005
        1078 DRIFT_24                
  9.514424541489155E-004  2.049586055782949E-005
        1079 PR.QDW60                
  9.514424541489155E-004  1.706760886871247E-005
        1080 DRIFT_25                
  9.535759052578152E-004  1.706760886871247E-005
        1081 PS60$END                
  9.535759052578152E-004  1.706760886871247E-005
        1082 PR.BHU60$START          
  9.535759052578152E-004  1.706760886871247E-005
        1083 MP_D                    
  9.535759052578152E-004  1.707607096630637E-005
        1084 PR.BH.D                 
  1.128324216468649E-003  1.450275099177611E-004
        1085 MP_J                    
  1.128324216468649E-003  1.450024632792347E-004
        1086 PR.BH.F                 
  1.280134220140402E-003 -1.004089758664533E-005
        1087 MP_F                    
  1.280134220140402E-003 -1.002570938742387E-005
        1088 PR.BHU60$END            
  1.280134220140402E-003 -1.002570938742387E-005
        1089 SEC06$END               
  1.280134220140402E-003 -1.002570938742387E-005
        1090 SEC07$START             
  1.280134220140402E-003 -1.002570938742387E-005
        1091 PS61$START              
  1.280134220140402E-003 -1.002570938742387E-005
        1092 DRIFT_2                 
  1.250057091976619E-003 -1.002570938742387E-005
        1093 PS61$END                
  1.250057091976619E-003 -1.002570938742387E-005
        1094 PR.BHT61$START          
  1.250057091976619E-003 -1.002570938742387E-005
        1095 MP_F                    
  1.250057091976619E-003 -1.001122570577078E-005
        1096 PR.BH.F                 
  1.060245305282669E-003 -1.587347235326974E-004
        1097 MP_J                    
  1.060245305282669E-003 -1.587568389096299E-004
        1098 PR.BH.D                 
  8.441333777532273E-004 -4.171741886297652E-005
        1099 MP_D                    
  8.441333777532273E-004 -4.171078901726045E-005
        1100 PR.BHT61$END            
  8.441333777532273E-004 -4.171078901726045E-005
        1101 PS62$START              
  8.441333777532273E-004 -4.171078901726045E-005
        1102 DRIFT_7                 
  7.773961152675553E-004 -4.171078901726045E-005
        1103 PS62$END                
  7.773961152675553E-004 -4.171078901726045E-005
        1104 PR.BHU62$START          
  7.773961152675553E-004 -4.171078901726045E-005
        1105 MP_D                    
  7.773961152675553E-004 -4.170516672489149E-005
        1106 PR.BH.D                 
  7.914134458883393E-004  5.470823017255026E-005
        1107 MP_J                    
  7.914134458883393E-004  5.469590796616023E-005
        1108 PR.BH.F                 
  7.992852260117553E-004 -4.769770512430060E-005
        1109 MP_F                    
  7.992852260117553E-004 -4.769177884076475E-005
        1110 PR.BHU62$END            
  7.992852260117553E-004 -4.769177884076475E-005
        1111 PS63$START              
  7.992852260117553E-004 -4.769177884076475E-005
        1112 DRIFT_7                 
  7.229783797797507E-004 -4.769177884076475E-005
        1113 PS63$END                
  7.229783797797507E-004 -4.769177884076475E-005
        1114 PR.BHT63$START          
  7.229783797797507E-004 -4.769177884076475E-005
        1115 MP_F                    
  7.229783797797507E-004 -4.768692941499727E-005
        1116 PR.BH.F                 
  5.253186139620338E-004 -1.280380336741599E-004
        1117 MP_J                    
  5.253186139620338E-004 -1.280434627662590E-004
        1118 PR.BH.D                 
  3.042098572220870E-004 -7.706679265361336E-005
        1119 MP_D                    
  3.042098572220870E-004 -7.706593244803977E-005
        1120 PR.BHT63$END            
  3.042098572220870E-004 -7.706593244803977E-005
        1121 PS64$START              
  3.042098572220870E-004 -7.706593244803977E-005
        1122 DRIFT_1                 
  2.423259132825421E-004 -7.706593244803977E-005
        1123 PSPR.BWSV64_P_          
  2.423259132825421E-004 -7.706593244803977E-005
