# Turn	Orbit_Min_x	Orbit_Max_x	Orbit_Min_y	Orbit_Max_y
-1	-0.000000	0.000000	0.000000	0.000000
0	-0.000000	0.000000	0.000000	0.000000
1	-0.007396	0.005899	0.000000	0.000000
2	-0.007396	0.005899	0.000000	0.000000
3	-0.007395	0.005898	0.000000	0.000000
4	-0.007395	0.005898	0.000000	0.000000
5	-0.007395	0.005897	0.000000	0.000000
6	-0.007395	0.005897	0.000000	0.000000
7	-0.007395	0.005896	0.000000	0.000000
8	-0.007395	0.005896	0.000000	0.000000
9	-0.007395	0.005896	0.000000	0.000000
10	-0.007394	0.005895	0.000000	0.000000
11	-0.007393	0.005894	0.000000	0.000000
12	-0.007392	0.005894	0.000000	0.000000
13	-0.007391	0.005893	0.000000	0.000000
14	-0.007390	0.005892	0.000000	0.000000
15	-0.007389	0.005891	0.000000	0.000000
16	-0.007388	0.005890	0.000000	0.000000
17	-0.007386	0.005890	0.000000	0.000000
18	-0.007385	0.005889	0.000000	0.000000
19	-0.007384	0.005888	0.000000	0.000000
20	-0.007383	0.005887	0.000000	0.000000
21	-0.007381	0.005886	0.000000	0.000000
22	-0.007380	0.005884	0.000000	0.000000
23	-0.007378	0.005883	0.000000	0.000000
24	-0.007376	0.005881	0.000000	0.000000
25	-0.007374	0.005880	0.000000	0.000000
26	-0.007373	0.005878	0.000000	0.000000
27	-0.007371	0.005877	0.000000	0.000000
28	-0.007369	0.005875	0.000000	0.000000
29	-0.007367	0.005873	0.000000	0.000000
30	-0.007366	0.005872	0.000000	0.000000
31	-0.007363	0.005870	0.000000	0.000000
32	-0.007360	0.005868	0.000000	0.000000
33	-0.007358	0.005866	0.000000	0.000000
34	-0.007355	0.005864	0.000000	0.000000
35	-0.007352	0.005862	0.000000	0.000000
36	-0.007350	0.005860	0.000000	0.000000
37	-0.007347	0.005859	0.000000	0.000000
38	-0.007344	0.005857	0.000000	0.000000
39	-0.007342	0.005855	0.000000	0.000000
40	-0.007339	0.005853	0.000000	0.000000
41	-0.007336	0.005850	0.000000	0.000000
42	-0.007333	0.005847	0.000000	0.000000
43	-0.007330	0.005845	0.000000	0.000000
44	-0.007327	0.005842	0.000000	0.000000
45	-0.007324	0.005839	0.000000	0.000000
46	-0.007321	0.005836	0.000000	0.000000
47	-0.007317	0.005834	0.000000	0.000000
48	-0.007314	0.005831	0.000000	0.000000
49	-0.007311	0.005828	0.000000	0.000000
50	-0.007308	0.005825	0.000000	0.000000
51	-0.007304	0.005822	0.000000	0.000000
52	-0.007300	0.005819	0.000000	0.000000
53	-0.007295	0.005817	0.000000	0.000000
54	-0.007291	0.005814	0.000000	0.000000
55	-0.007287	0.005811	0.000000	0.000000
56	-0.007282	0.005808	0.000000	0.000000
57	-0.007278	0.005805	0.000000	0.000000
58	-0.007273	0.005802	0.000000	0.000000
59	-0.007269	0.005799	0.000000	0.000000
60	-0.007265	0.005796	0.000000	0.000000
61	-0.007260	0.005793	0.000000	0.000000
62	-0.007256	0.005789	0.000000	0.000000
63	-0.007251	0.005785	0.000000	0.000000
64	-0.007246	0.005781	0.000000	0.000000
65	-0.007242	0.005777	0.000000	0.000000
66	-0.007237	0.005773	0.000000	0.000000
67	-0.007233	0.005769	0.000000	0.000000
68	-0.007228	0.005765	0.000000	0.000000
69	-0.007223	0.005762	0.000000	0.000000
70	-0.007219	0.005758	0.000000	0.000000
71	-0.007214	0.005753	0.000000	0.000000
72	-0.007208	0.005749	0.000000	0.000000
73	-0.007203	0.005745	0.000000	0.000000
74	-0.007197	0.005741	0.000000	0.000000
75	-0.007192	0.005736	0.000000	0.000000
76	-0.007186	0.005732	0.000000	0.000000
77	-0.007181	0.005728	0.000000	0.000000
78	-0.007175	0.005724	0.000000	0.000000
79	-0.007170	0.005719	0.000000	0.000000
80	-0.007164	0.005715	0.000000	0.000000
81	-0.007158	0.005710	0.000000	0.000000
82	-0.007152	0.005705	0.000000	0.000000
83	-0.007146	0.005701	0.000000	0.000000
84	-0.007140	0.005696	0.000000	0.000000
85	-0.007133	0.005691	0.000000	0.000000
86	-0.007127	0.005686	0.000000	0.000000
87	-0.007121	0.005681	0.000000	0.000000
88	-0.007115	0.005676	0.000000	0.000000
89	-0.007108	0.005672	0.000000	0.000000
90	-0.007102	0.005667	0.000000	0.000000
91	-0.007096	0.005661	0.000000	0.000000
92	-0.007089	0.005656	0.000000	0.000000
93	-0.007082	0.005650	0.000000	0.000000
94	-0.007075	0.005645	0.000000	0.000000
95	-0.007069	0.005639	0.000000	0.000000
96	-0.007062	0.005634	0.000000	0.000000
97	-0.007055	0.005628	0.000000	0.000000
98	-0.007048	0.005623	0.000000	0.000000
99	-0.007042	0.005618	0.000000	0.000000
100	-0.007035	0.005612	0.000000	0.000000
101	-0.007028	0.005606	0.000000	0.000000
102	-0.007020	0.005600	0.000000	0.000000
103	-0.007013	0.005594	0.000000	0.000000
104	-0.007006	0.005587	0.000000	0.000000
105	-0.006998	0.005581	0.000000	0.000000
106	-0.006991	0.005575	0.000000	0.000000
107	-0.006984	0.005569	0.000000	0.000000
108	-0.006976	0.005562	0.000000	0.000000
109	-0.006969	0.005556	0.000000	0.000000
110	-0.006962	0.005550	0.000000	0.000000
111	-0.006954	0.005544	0.000000	0.000000
112	-0.006945	0.005537	0.000000	0.000000
113	-0.006937	0.005531	0.000000	0.000000
114	-0.006928	0.005524	0.000000	0.000000
115	-0.006920	0.005518	0.000000	0.000000
116	-0.006912	0.005511	0.000000	0.000000
117	-0.006903	0.005505	0.000000	0.000000
118	-0.006895	0.005499	0.000000	0.000000
119	-0.006886	0.005492	0.000000	0.000000
120	-0.006878	0.005486	0.000000	0.000000
121	-0.006869	0.005479	0.000000	0.000000
122	-0.006860	0.005472	0.000000	0.000000
123	-0.006851	0.005465	0.000000	0.000000
124	-0.006842	0.005458	0.000000	0.000000
125	-0.006834	0.005451	0.000000	0.000000
126	-0.006825	0.005443	0.000000	0.000000
127	-0.006816	0.005436	0.000000	0.000000
128	-0.006807	0.005429	0.000000	0.000000
129	-0.006798	0.005422	0.000000	0.000000
130	-0.006789	0.005415	0.000000	0.000000
131	-0.006779	0.005408	0.000000	0.000000
132	-0.006770	0.005400	0.000000	0.000000
133	-0.006760	0.005393	0.000000	0.000000
134	-0.006750	0.005385	0.000000	0.000000
135	-0.006740	0.005378	0.000000	0.000000
136	-0.006731	0.005370	0.000000	0.000000
137	-0.006721	0.005363	0.000000	0.000000
138	-0.006711	0.005355	0.000000	0.000000
139	-0.006702	0.005348	0.000000	0.000000
140	-0.006692	0.005340	0.000000	0.000000
141	-0.006682	0.005332	0.000000	0.000000
142	-0.006671	0.005324	0.000000	0.000000
143	-0.006661	0.005316	0.000000	0.000000
144	-0.006651	0.005308	0.000000	0.000000
145	-0.006640	0.005300	0.000000	0.000000
146	-0.006630	0.005292	0.000000	0.000000
147	-0.006620	0.005284	0.000000	0.000000
148	-0.006610	0.005276	0.000000	0.000000
149	-0.006599	0.005268	0.000000	0.000000
150	-0.006589	0.005259	0.000000	0.000000
151	-0.006578	0.005251	0.000000	0.000000
152	-0.006568	0.005242	0.000000	0.000000
153	-0.006557	0.005233	0.000000	0.000000
154	-0.006547	0.005224	0.000000	0.000000
155	-0.006536	0.005215	0.000000	0.000000
156	-0.006525	0.005206	0.000000	0.000000
157	-0.006515	0.005197	0.000000	0.000000
158	-0.006504	0.005188	0.000000	0.000000
159	-0.006494	0.005179	0.000000	0.000000
160	-0.006483	0.005171	0.000000	0.000000
161	-0.006472	0.005161	0.000000	0.000000
162	-0.006460	0.005152	0.000000	0.000000
163	-0.006448	0.005143	0.000000	0.000000
164	-0.006437	0.005134	0.000000	0.000000
165	-0.006425	0.005125	0.000000	0.000000
166	-0.006413	0.005116	0.000000	0.000000
167	-0.006402	0.005107	0.000000	0.000000
168	-0.006390	0.005098	0.000000	0.000000
169	-0.006378	0.005089	0.000000	0.000000
170	-0.006367	0.005079	0.000000	0.000000
171	-0.006355	0.005070	0.000000	0.000000
172	-0.006343	0.005060	0.000000	0.000000
173	-0.006331	0.005050	0.000000	0.000000
174	-0.006319	0.005040	0.000000	0.000000
175	-0.006307	0.005030	0.000000	0.000000
176	-0.006295	0.005021	0.000000	0.000000
177	-0.006283	0.005011	0.000000	0.000000
178	-0.006271	0.005001	0.000000	0.000000
179	-0.006259	0.004991	0.000000	0.000000
180	-0.006247	0.004981	0.000000	0.000000
181	-0.006234	0.004972	0.000000	0.000000
182	-0.006221	0.004962	0.000000	0.000000
183	-0.006208	0.004952	0.000000	0.000000
184	-0.006195	0.004942	0.000000	0.000000
185	-0.006182	0.004932	0.000000	0.000000
186	-0.006169	0.004922	0.000000	0.000000
187	-0.006156	0.004912	0.000000	0.000000
188	-0.006143	0.004902	0.000000	0.000000
189	-0.006130	0.004892	0.000000	0.000000
190	-0.006116	0.004882	0.000000	0.000000
191	-0.006103	0.004871	0.000000	0.000000
192	-0.006090	0.004861	0.000000	0.000000
193	-0.006076	0.004850	0.000000	0.000000
194	-0.006063	0.004840	0.000000	0.000000
195	-0.006050	0.004829	0.000000	0.000000
196	-0.006036	0.004818	0.000000	0.000000
197	-0.006023	0.004808	0.000000	0.000000
198	-0.006009	0.004797	0.000000	0.000000
199	-0.005996	0.004787	0.000000	0.000000
200	-0.005983	0.004776	0.000000	0.000000
201	-0.005969	0.004765	0.000000	0.000000
202	-0.005955	0.004754	0.000000	0.000000
203	-0.005941	0.004742	0.000000	0.000000
204	-0.005927	0.004731	0.000000	0.000000
205	-0.005913	0.004720	0.000000	0.000000
206	-0.005899	0.004709	0.000000	0.000000
207	-0.005885	0.004698	0.000000	0.000000
208	-0.005871	0.004686	0.000000	0.000000
209	-0.005857	0.004675	0.000000	0.000000
210	-0.005843	0.004664	0.000000	0.000000
211	-0.005829	0.004653	0.000000	0.000000
212	-0.005814	0.004641	0.000000	0.000000
213	-0.005800	0.004629	0.000000	0.000000
214	-0.005785	0.004618	0.000000	0.000000
215	-0.005771	0.004606	0.000000	0.000000
216	-0.005756	0.004595	0.000000	0.000000
217	-0.005742	0.004583	0.000000	0.000000
218	-0.005727	0.004572	0.000000	0.000000
219	-0.005712	0.004560	0.000000	0.000000
220	-0.005698	0.004549	0.000000	0.000000
221	-0.005683	0.004536	0.000000	0.000000
222	-0.005668	0.004524	0.000000	0.000000
223	-0.005653	0.004512	0.000000	0.000000
224	-0.005639	0.004500	0.000000	0.000000
225	-0.005624	0.004487	0.000000	0.000000
226	-0.005609	0.004475	0.000000	0.000000
227	-0.005594	0.004463	0.000000	0.000000
228	-0.005579	0.004451	0.000000	0.000000
229	-0.005565	0.004438	0.000000	0.000000
230	-0.005550	0.004426	0.000000	0.000000
231	-0.005534	0.004414	0.000000	0.000000
232	-0.005518	0.004401	0.000000	0.000000
233	-0.005503	0.004389	0.000000	0.000000
234	-0.005487	0.004376	0.000000	0.000000
235	-0.005471	0.004364	0.000000	0.000000
236	-0.005456	0.004351	0.000000	0.000000
237	-0.005440	0.004339	0.000000	0.000000
238	-0.005424	0.004327	0.000000	0.000000
239	-0.005408	0.004314	0.000000	0.000000
240	-0.005393	0.004302	0.000000	0.000000
241	-0.005376	0.004289	0.000000	0.000000
242	-0.005360	0.004276	0.000000	0.000000
243	-0.005344	0.004263	0.000000	0.000000
244	-0.005328	0.004250	0.000000	0.000000
245	-0.005311	0.004238	0.000000	0.000000
246	-0.005295	0.004225	0.000000	0.000000
247	-0.005279	0.004212	0.000000	0.000000
248	-0.005262	0.004199	0.000000	0.000000
249	-0.005246	0.004186	0.000000	0.000000
250	-0.005230	0.004174	0.000000	0.000000
251	-0.005213	0.004161	0.000000	0.000000
252	-0.005196	0.004147	0.000000	0.000000
253	-0.005179	0.004134	0.000000	0.000000
254	-0.005162	0.004121	0.000000	0.000000
255	-0.005145	0.004108	0.000000	0.000000
256	-0.005128	0.004095	0.000000	0.000000
257	-0.005111	0.004082	0.000000	0.000000
258	-0.005094	0.004069	0.000000	0.000000
259	-0.005078	0.004055	0.000000	0.000000
260	-0.005061	0.004042	0.000000	0.000000
261	-0.005044	0.004028	0.000000	0.000000
262	-0.005027	0.004014	0.000000	0.000000
263	-0.005010	0.004000	0.000000	0.000000
264	-0.004994	0.003986	0.000000	0.000000
265	-0.004977	0.003972	0.000000	0.000000
266	-0.004960	0.003958	0.000000	0.000000
267	-0.004943	0.003944	0.000000	0.000000
268	-0.004927	0.003930	0.000000	0.000000
269	-0.004910	0.003916	0.000000	0.000000
270	-0.004893	0.003902	0.000000	0.000000
271	-0.004875	0.003888	0.000000	0.000000
272	-0.004857	0.003874	0.000000	0.000000
273	-0.004839	0.003861	0.000000	0.000000
274	-0.004821	0.003847	0.000000	0.000000
275	-0.004802	0.003833	0.000000	0.000000
276	-0.004784	0.003819	0.000000	0.000000
277	-0.004766	0.003806	0.000000	0.000000
278	-0.004748	0.003792	0.000000	0.000000
279	-0.004730	0.003778	0.000000	0.000000
280	-0.004712	0.003764	0.000000	0.000000
281	-0.004694	0.003750	0.000000	0.000000
282	-0.004675	0.003736	0.000000	0.000000
283	-0.004657	0.003721	0.000000	0.000000
284	-0.004639	0.003707	0.000000	0.000000
285	-0.004621	0.003693	0.000000	0.000000
286	-0.004602	0.003678	0.000000	0.000000
287	-0.004584	0.003664	0.000000	0.000000
288	-0.004566	0.003649	0.000000	0.000000
289	-0.004548	0.003635	0.000000	0.000000
290	-0.004529	0.003621	0.000000	0.000000
291	-0.004511	0.003606	0.000000	0.000000
292	-0.004493	0.003591	0.000000	0.000000
293	-0.004474	0.003576	0.000000	0.000000
294	-0.004456	0.003561	0.000000	0.000000
295	-0.004438	0.003546	0.000000	0.000000
296	-0.004419	0.003531	0.000000	0.000000
297	-0.004401	0.003516	0.000000	0.000000
298	-0.004383	0.003501	0.000000	0.000000
299	-0.004364	0.003486	0.000000	0.000000
300	-0.004346	0.003471	0.000000	0.000000
301	-0.004327	0.003456	0.000000	0.000000
302	-0.004307	0.003441	0.000000	0.000000
303	-0.004288	0.003426	0.000000	0.000000
304	-0.004269	0.003411	0.000000	0.000000
305	-0.004250	0.003396	0.000000	0.000000
306	-0.004231	0.003381	0.000000	0.000000
307	-0.004211	0.003366	0.000000	0.000000
308	-0.004192	0.003350	0.000000	0.000000
309	-0.004173	0.003335	0.000000	0.000000
310	-0.004154	0.003320	0.000000	0.000000
311	-0.004135	0.003305	0.000000	0.000000
312	-0.004115	0.003289	0.000000	0.000000
313	-0.004096	0.003273	0.000000	0.000000
314	-0.004077	0.003257	0.000000	0.000000
315	-0.004058	0.003242	0.000000	0.000000
316	-0.004039	0.003226	0.000000	0.000000
317	-0.004020	0.003210	0.000000	0.000000
318	-0.004001	0.003194	0.000000	0.000000
319	-0.003982	0.003179	0.000000	0.000000
320	-0.003963	0.003163	0.000000	0.000000
321	-0.003943	0.003147	0.000000	0.000000
322	-0.003923	0.003132	0.000000	0.000000
323	-0.003903	0.003116	0.000000	0.000000
324	-0.003883	0.003100	0.000000	0.000000
325	-0.003863	0.003084	0.000000	0.000000
326	-0.003843	0.003069	0.000000	0.000000
327	-0.003823	0.003053	0.000000	0.000000
328	-0.003803	0.003037	0.000000	0.000000
329	-0.003783	0.003022	0.000000	0.000000
330	-0.003763	0.003006	0.000000	0.000000
331	-0.003743	0.002990	0.000000	0.000000
332	-0.003723	0.002974	0.000000	0.000000
333	-0.003703	0.002958	0.000000	0.000000
334	-0.003683	0.002941	0.000000	0.000000
335	-0.003662	0.002925	0.000000	0.000000
336	-0.003642	0.002909	0.000000	0.000000
337	-0.003622	0.002893	0.000000	0.000000
338	-0.003602	0.002877	0.000000	0.000000
339	-0.003582	0.002861	0.000000	0.000000
340	-0.003562	0.002845	0.000000	0.000000
341	-0.003541	0.002828	0.000000	0.000000
342	-0.003521	0.002812	0.000000	0.000000
343	-0.003500	0.002795	0.000000	0.000000
344	-0.003480	0.002779	0.000000	0.000000
345	-0.003459	0.002763	0.000000	0.000000
346	-0.003439	0.002746	0.000000	0.000000
347	-0.003418	0.002730	0.000000	0.000000
348	-0.003398	0.002713	0.000000	0.000000
349	-0.003377	0.002697	0.000000	0.000000
350	-0.003356	0.002681	0.000000	0.000000
351	-0.003336	0.002664	0.000000	0.000000
352	-0.003315	0.002648	0.000000	0.000000
353	-0.003294	0.002631	0.000000	0.000000
354	-0.003273	0.002614	0.000000	0.000000
355	-0.003252	0.002598	0.000000	0.000000
356	-0.003231	0.002581	0.000000	0.000000
357	-0.003210	0.002565	0.000000	0.000000
358	-0.003189	0.002548	0.000000	0.000000
359	-0.003168	0.002531	0.000000	0.000000
360	-0.003147	0.002515	0.000000	0.000000
361	-0.003126	0.002498	0.000000	0.000000
362	-0.003105	0.002480	0.000000	0.000000
363	-0.003085	0.002463	0.000000	0.000000
364	-0.003064	0.002446	0.000000	0.000000
365	-0.003043	0.002429	0.000000	0.000000
366	-0.003022	0.002412	0.000000	0.000000
367	-0.003001	0.002394	0.000000	0.000000
368	-0.002981	0.002377	0.000000	0.000000
369	-0.002960	0.002360	0.000000	0.000000
370	-0.002939	0.002343	0.000000	0.000000
371	-0.002917	0.002326	0.000000	0.000000
372	-0.002895	0.002309	0.000000	0.000000
373	-0.002873	0.002293	0.000000	0.000000
374	-0.002851	0.002276	0.000000	0.000000
375	-0.002829	0.002259	0.000000	0.000000
376	-0.002807	0.002243	0.000000	0.000000
377	-0.002785	0.002226	0.000000	0.000000
378	-0.002763	0.002209	0.000000	0.000000
379	-0.002741	0.002193	0.000000	0.000000
380	-0.002719	0.002176	0.000000	0.000000
381	-0.002697	0.002158	0.000000	0.000000
382	-0.002676	0.002141	0.000000	0.000000
383	-0.002654	0.002124	0.000000	0.000000
384	-0.002632	0.002106	0.000000	0.000000
385	-0.002611	0.002089	0.000000	0.000000
386	-0.002589	0.002071	0.000000	0.000000
387	-0.002567	0.002054	0.000000	0.000000
388	-0.002546	0.002037	0.000000	0.000000
389	-0.002524	0.002019	0.000000	0.000000
390	-0.002502	0.002002	0.000000	0.000000
391	-0.002480	0.001984	0.000000	0.000000
392	-0.002459	0.001967	0.000000	0.000000
393	-0.002437	0.001949	0.000000	0.000000
394	-0.002415	0.001931	0.000000	0.000000
395	-0.002393	0.001913	0.000000	0.000000
396	-0.002371	0.001896	0.000000	0.000000
397	-0.002349	0.001878	0.000000	0.000000
398	-0.002328	0.001860	0.000000	0.000000
399	-0.002306	0.001843	0.000000	0.000000
400	-0.002284	0.001825	0.000000	0.000000
401	-0.002262	0.001807	0.000000	0.000000
402	-0.002239	0.001790	0.000000	0.000000
403	-0.002217	0.001772	0.000000	0.000000
404	-0.002195	0.001754	0.000000	0.000000
405	-0.002173	0.001736	0.000000	0.000000
406	-0.002150	0.001719	0.000000	0.000000
407	-0.002128	0.001701	0.000000	0.000000
408	-0.002106	0.001683	0.000000	0.000000
409	-0.002084	0.001666	0.000000	0.000000
410	-0.002061	0.001648	0.000000	0.000000
411	-0.002039	0.001630	0.000000	0.000000
412	-0.002016	0.001612	0.000000	0.000000
413	-0.001994	0.001594	0.000000	0.000000
414	-0.001971	0.001576	0.000000	0.000000
415	-0.001949	0.001559	0.000000	0.000000
416	-0.001927	0.001541	0.000000	0.000000
417	-0.001904	0.001523	0.000000	0.000000
418	-0.001882	0.001505	0.000000	0.000000
419	-0.001859	0.001487	0.000000	0.000000
420	-0.001837	0.001469	0.000000	0.000000
421	-0.001814	0.001451	0.000000	0.000000
422	-0.001792	0.001433	0.000000	0.000000
423	-0.001769	0.001415	0.000000	0.000000
424	-0.001747	0.001397	0.000000	0.000000
425	-0.001725	0.001379	0.000000	0.000000
426	-0.001702	0.001360	0.000000	0.000000
427	-0.001680	0.001342	0.000000	0.000000
428	-0.001657	0.001324	0.000000	0.000000
429	-0.001635	0.001306	0.000000	0.000000
430	-0.001613	0.001288	0.000000	0.000000
431	-0.001590	0.001270	0.000000	0.000000
432	-0.001567	0.001251	0.000000	0.000000
433	-0.001545	0.001233	0.000000	0.000000
434	-0.001522	0.001215	0.000000	0.000000
435	-0.001499	0.001196	0.000000	0.000000
436	-0.001477	0.001178	0.000000	0.000000
437	-0.001454	0.001160	0.000000	0.000000
438	-0.001432	0.001141	0.000000	0.000000
439	-0.001409	0.001123	0.000000	0.000000
440	-0.001386	0.001105	0.000000	0.000000
441	-0.001363	0.001087	0.000000	0.000000
442	-0.001340	0.001069	0.000000	0.000000
443	-0.001317	0.001051	0.000000	0.000000
444	-0.001294	0.001032	0.000000	0.000000
445	-0.001271	0.001014	0.000000	0.000000
446	-0.001248	0.000996	0.000000	0.000000
447	-0.001225	0.000978	0.000000	0.000000
448	-0.001202	0.000960	0.000000	0.000000
449	-0.001179	0.000942	0.000000	0.000000
450	-0.001156	0.000924	0.000000	0.000000
451	-0.001133	0.000906	0.000000	0.000000
452	-0.001109	0.000887	0.000000	0.000000
453	-0.001086	0.000869	0.000000	0.000000
454	-0.001063	0.000851	0.000000	0.000000
455	-0.001040	0.000832	0.000000	0.000000
456	-0.001017	0.000814	0.000000	0.000000
457	-0.000994	0.000796	0.000000	0.000000
458	-0.000971	0.000777	0.000000	0.000000
459	-0.000948	0.000759	0.000000	0.000000
460	-0.000925	0.000741	0.000000	0.000000
461	-0.000902	0.000722	0.000000	0.000000
462	-0.000879	0.000704	0.000000	0.000000
463	-0.000856	0.000685	0.000000	0.000000
464	-0.000833	0.000667	0.000000	0.000000
465	-0.000810	0.000648	0.000000	0.000000
466	-0.000787	0.000630	0.000000	0.000000
467	-0.000764	0.000611	0.000000	0.000000
468	-0.000741	0.000593	0.000000	0.000000
469	-0.000718	0.000574	0.000000	0.000000
470	-0.000695	0.000556	0.000000	0.000000
471	-0.000672	0.000537	0.000000	0.000000
472	-0.000649	0.000519	0.000000	0.000000
473	-0.000626	0.000500	0.000000	0.000000
474	-0.000602	0.000482	0.000000	0.000000
475	-0.000579	0.000463	0.000000	0.000000
476	-0.000556	0.000444	0.000000	0.000000
477	-0.000533	0.000426	0.000000	0.000000
478	-0.000510	0.000407	0.000000	0.000000
479	-0.000487	0.000389	0.000000	0.000000
480	-0.000463	0.000370	0.000000	0.000000
481	-0.000440	0.000352	0.000000	0.000000
482	-0.000417	0.000333	0.000000	0.000000
483	-0.000395	0.000314	0.000000	0.000000
484	-0.000372	0.000296	0.000000	0.000000
485	-0.000349	0.000277	0.000000	0.000000
486	-0.000326	0.000258	0.000000	0.000000
487	-0.000303	0.000239	0.000000	0.000000
488	-0.000280	0.000221	0.000000	0.000000
489	-0.000257	0.000202	0.000000	0.000000
490	-0.000234	0.000183	0.000000	0.000000
491	-0.000210	0.000165	0.000000	0.000000
492	-0.000187	0.000147	0.000000	0.000000
493	-0.000163	0.000128	0.000000	0.000000
494	-0.000140	0.000110	0.000000	0.000000
495	-0.000116	0.000091	0.000000	0.000000
496	-0.000093	0.000073	0.000000	0.000000
497	-0.000069	0.000055	0.000000	0.000000
498	-0.000046	0.000036	0.000000	0.000000
499	-0.000022	0.000018	0.000000	0.000000
500	-0.000000	0.000000	0.000000	0.000000
501	-0.000000	0.000000	0.000000	0.000000
502	-0.000000	0.000000	0.000000	0.000000
503	-0.000000	0.000000	0.000000	0.000000
504	-0.000000	0.000000	0.000000	0.000000
505	-0.000000	0.000000	0.000000	0.000000
506	-0.000000	0.000000	0.000000	0.000000
507	-0.000000	0.000000	0.000000	0.000000
508	-0.000000	0.000000	0.000000	0.000000
509	-0.000000	0.000000	0.000000	0.000000
510	-0.000000	0.000000	0.000000	0.000000
511	-0.000000	0.000000	0.000000	0.000000
512	-0.000000	0.000000	0.000000	0.000000
513	-0.000000	0.000000	0.000000	0.000000
514	-0.000000	0.000000	0.000000	0.000000
515	-0.000000	0.000000	0.000000	0.000000
516	-0.000000	0.000000	0.000000	0.000000
517	-0.000000	0.000000	0.000000	0.000000
518	-0.000000	0.000000	0.000000	0.000000
519	-0.000000	0.000000	0.000000	0.000000
520	-0.000000	0.000000	0.000000	0.000000
521	-0.000000	0.000000	0.000000	0.000000
522	-0.000000	0.000000	0.000000	0.000000
523	-0.000000	0.000000	0.000000	0.000000
524	-0.000000	0.000000	0.000000	0.000000
525	-0.000000	0.000000	0.000000	0.000000
526	-0.000000	0.000000	0.000000	0.000000
527	-0.000000	0.000000	0.000000	0.000000
528	-0.000000	0.000000	0.000000	0.000000
529	-0.000000	0.000000	0.000000	0.000000
530	-0.000000	0.000000	0.000000	0.000000
531	-0.000000	0.000000	0.000000	0.000000
532	-0.000000	0.000000	0.000000	0.000000
533	-0.000000	0.000000	0.000000	0.000000
534	-0.000000	0.000000	0.000000	0.000000
535	-0.000000	0.000000	0.000000	0.000000
536	-0.000000	0.000000	0.000000	0.000000
537	-0.000000	0.000000	0.000000	0.000000
538	-0.000000	0.000000	0.000000	0.000000
539	-0.000000	0.000000	0.000000	0.000000
540	-0.000000	0.000000	0.000000	0.000000
541	-0.000000	0.000000	0.000000	0.000000
542	-0.000000	0.000000	0.000000	0.000000
543	-0.000000	0.000000	0.000000	0.000000
544	-0.000000	0.000000	0.000000	0.000000
545	-0.000000	0.000000	0.000000	0.000000
546	-0.000000	0.000000	0.000000	0.000000
547	-0.000000	0.000000	0.000000	0.000000
548	-0.000000	0.000000	0.000000	0.000000
549	-0.000000	0.000000	0.000000	0.000000
550	-0.000000	0.000000	0.000000	0.000000
551	-0.000000	0.000000	0.000000	0.000000
552	-0.000000	0.000000	0.000000	0.000000
553	-0.000000	0.000000	0.000000	0.000000
554	-0.000000	0.000000	0.000000	0.000000
555	-0.000000	0.000000	0.000000	0.000000
556	-0.000000	0.000000	0.000000	0.000000
557	-0.000000	0.000000	0.000000	0.000000
558	-0.000000	0.000000	0.000000	0.000000
559	-0.000000	0.000000	0.000000	0.000000
560	-0.000000	0.000000	0.000000	0.000000
561	-0.000000	0.000000	0.000000	0.000000
562	-0.000000	0.000000	0.000000	0.000000
563	-0.000000	0.000000	0.000000	0.000000
564	-0.000000	0.000000	0.000000	0.000000
565	-0.000000	0.000000	0.000000	0.000000
566	-0.000000	0.000000	0.000000	0.000000
567	-0.000000	0.000000	0.000000	0.000000
568	-0.000000	0.000000	0.000000	0.000000
569	-0.000000	0.000000	0.000000	0.000000
570	-0.000000	0.000000	0.000000	0.000000
571	-0.000000	0.000000	0.000000	0.000000
572	-0.000000	0.000000	0.000000	0.000000
573	-0.000000	0.000000	0.000000	0.000000
574	-0.000000	0.000000	0.000000	0.000000
575	-0.000000	0.000000	0.000000	0.000000
576	-0.000000	0.000000	0.000000	0.000000
577	-0.000000	0.000000	0.000000	0.000000
578	-0.000000	0.000000	0.000000	0.000000
579	-0.000000	0.000000	0.000000	0.000000
580	-0.000000	0.000000	0.000000	0.000000
581	-0.000000	0.000000	0.000000	0.000000
582	-0.000000	0.000000	0.000000	0.000000
583	-0.000000	0.000000	0.000000	0.000000
584	-0.000000	0.000000	0.000000	0.000000
585	-0.000000	0.000000	0.000000	0.000000
586	-0.000000	0.000000	0.000000	0.000000
587	-0.000000	0.000000	0.000000	0.000000
588	-0.000000	0.000000	0.000000	0.000000
589	-0.000000	0.000000	0.000000	0.000000
590	-0.000000	0.000000	0.000000	0.000000
591	-0.000000	0.000000	0.000000	0.000000
592	-0.000000	0.000000	0.000000	0.000000
593	-0.000000	0.000000	0.000000	0.000000
594	-0.000000	0.000000	0.000000	0.000000
595	-0.000000	0.000000	0.000000	0.000000
596	-0.000000	0.000000	0.000000	0.000000
597	-0.000000	0.000000	0.000000	0.000000
598	-0.000000	0.000000	0.000000	0.000000
599	-0.000000	0.000000	0.000000	0.000000