403  1  1
2
+0.00000000000	-0.01606900000	+0.00000000000
+0.00001137811	-0.01606900000	+0.00000000000
+0.00002275622	-0.01606900000	+0.00000000000
+0.00003413433	-0.01606900000	+0.00000000000
+0.00004551244	-0.01606900000	+0.00000000000
+0.00005689055	-0.01606900000	+0.00000000000
+0.00006826866	-0.01606900000	+0.00000000000
+0.00007964677	-0.01606900000	+0.00000000000
+0.00009102488	-0.01606900000	+0.00000000000
+0.00010240299	-0.01606900000	+0.00000000000
+0.00011378109	-0.01606900000	+0.00000000000
+0.00012515920	-0.01606900000	+0.00000000000
+0.00013653731	-0.01606900000	+0.00000000000
+0.00014791542	-0.01606900000	+0.00000000000
+0.00015929353	-0.01606900000	+0.00000000000
+0.00017067164	-0.01606900000	+0.00000000000
+0.00018204975	-0.01606900000	+0.00000000000
+0.00019342786	-0.01606900000	+0.00000000000
+0.00020480597	-0.01606900000	+0.00000000000
+0.00021618408	-0.01606900000	+0.00000000000
+0.00022756219	-0.01606900000	+0.00000000000
+0.00023894030	-0.01606900000	+0.00000000000
+0.00025031841	-0.01606900000	+0.00000000000
+0.00026169652	-0.01606900000	+0.00000000000
+0.00027307463	-0.01606900000	+0.00000000000
+0.00028445274	-0.01606900000	+0.00000000000
+0.00029583085	-0.01606900000	+0.00000000000
+0.00030720896	-0.01606900000	+0.00000000000
+0.00031858706	-0.01606900000	+0.00000000000
+0.00032996517	-0.01606900000	+0.00000000000
+0.00034134328	-0.01606900000	+0.00000000000
+0.00035272139	-0.01606900000	+0.00000000000
+0.00036409950	-0.01606900000	+0.00000000000
+0.00037547761	-0.01606900000	+0.00000000000
+0.00038685572	-0.01606900000	+0.00000000000
+0.00039823383	-0.01606900000	+0.00000000000
+0.00040961194	-0.01606900000	+0.00000000000
+0.00042099005	-0.01606900000	+0.00000000000
+0.00043236816	-0.01606900000	+0.00000000000
+0.00044374627	-0.01606900000	+0.00000000000
+0.00045512438	-0.01606900000	+0.00000000000
+0.00046650249	-0.01606900000	+0.00000000000
+0.00047788060	-0.01606900000	+0.00000000000
+0.00048925871	-0.01606900000	+0.00000000000
+0.00050063682	-0.01606900000	+0.00000000000
+0.00051201493	-0.01606900000	+0.00000000000
+0.00052339303	-0.01606900000	+0.00000000000
+0.00053477114	-0.01606900000	+0.00000000000
+0.00054614925	-0.01606900000	+0.00000000000
+0.00055752736	-0.01606900000	+0.00000000000
+0.00056890547	-0.01606900000	+0.00000000000
+0.00058028358	-0.01606900000	+0.00000000000
+0.00059166169	-0.01606900000	+0.00000000000
+0.00060303980	-0.01606900000	+0.00000000000
+0.00061441791	-0.01606900000	+0.00000000000
+0.00062579602	-0.01606900000	+0.00000000000
+0.00063717413	-0.01606900000	+0.00000000000
+0.00064855224	-0.01606900000	+0.00000000000
+0.00065993035	-0.01606900000	+0.00000000000
+0.00067130846	-0.01606900000	+0.00000000000
+0.00068268657	-0.01606900000	+0.00000000000
+0.00069406468	-0.01606900000	+0.00000000000
+0.00070544279	-0.01606900000	+0.00000000000
+0.00071682090	-0.01606900000	+0.00000000000
+0.00072819900	-0.01606900000	+0.00000000000
+0.00073957711	-0.01606900000	+0.00000000000
+0.00075095522	-0.01606900000	+0.00000000000
+0.00076233333	-0.01606900000	+0.00000000000
+0.00077371144	-0.01606900000	+0.00000000000
+0.00078508955	-0.01606900000	+0.00000000000
+0.00079646766	-0.01606900000	+0.00000000000
+0.00080784577	-0.01606900000	+0.00000000000
+0.00081922388	-0.01606900000	+0.00000000000
+0.00083060199	-0.01606900000	+0.00000000000
+0.00084198010	-0.01606900000	+0.00000000000
+0.00085335821	-0.01606900000	+0.00000000000
+0.00086473632	-0.01606900000	+0.00000000000
+0.00087611443	-0.01606900000	+0.00000000000
+0.00088749254	-0.01606900000	+0.00000000000
+0.00089887065	-0.01606900000	+0.00000000000
+0.00091024876	-0.01606900000	+0.00000000000
+0.00092162687	-0.01606900000	+0.00000000000
+0.00093300498	-0.01606900000	+0.00000000000
+0.00094438308	-0.01606900000	+0.00000000000
+0.00095576119	-0.01606900000	+0.00000000000
+0.00096713930	-0.01606900000	+0.00000000000
+0.00097851741	-0.01606900000	+0.00000000000
+0.00098989552	-0.01606900000	+0.00000000000
+0.00100127363	-0.01606900000	+0.00000000000
+0.00101265174	-0.01606900000	+0.00000000000
+0.00102402985	-0.01606900000	+0.00000000000
+0.00103540796	-0.01606900000	+0.00000000000
+0.00104678607	-0.01606900000	+0.00000000000
+0.00105816418	-0.01606900000	+0.00000000000
+0.00106954229	-0.01606900000	+0.00000000000
+0.00108092040	-0.01606900000	+0.00000000000
+0.00109229851	-0.01606900000	+0.00000000000
+0.00110367662	-0.01606900000	+0.00000000000
+0.00111505473	-0.01606900000	+0.00000000000
+0.00112643284	-0.01606900000	+0.00000000000
+0.00113781095	-0.01606900000	+0.00000000000
+0.00114918905	-0.01650300000	+0.00000000000
+0.00116056716	-0.01693700000	+0.00000000000
+0.00117194527	-0.01737100000	+0.00000000000
+0.00118332338	-0.01780500000	+0.00000000000
+0.00119470149	-0.01823900000	+0.00000000000
+0.00120607960	-0.01867300000	+0.00000000000
+0.00121745771	-0.01910700000	+0.00000000000
+0.00122883582	-0.01954100000	+0.00000000000
+0.00124021393	-0.01997500000	+0.00000000000
+0.00125159204	-0.02040900000	+0.00000000000
+0.00126297015	-0.02084300000	+0.00000000000
+0.00127434826	-0.02127700000	+0.00000000000
+0.00128572637	-0.02171100000	+0.00000000000
+0.00129710448	-0.02214500000	+0.00000000000
+0.00130848259	-0.02257900000	+0.00000000000
+0.00131986070	-0.02301300000	+0.00000000000
+0.00133123881	-0.02344700000	+0.00000000000
+0.00134261692	-0.02388100000	+0.00000000000
+0.00135399502	-0.02431500000	+0.00000000000
+0.00136537313	-0.02474900000	+0.00000000000
+0.00137675124	-0.02518300000	+0.00000000000
+0.00138812935	-0.02561700000	+0.00000000000
+0.00139950746	-0.02605100000	+0.00000000000
+0.00141088557	-0.02648500000	+0.00000000000
+0.00142226368	-0.02691900000	+0.00000000000
+0.00143364179	-0.02735300000	+0.00000000000
+0.00144501990	-0.02778600000	+0.00000000000
+0.00145639801	-0.02822000000	+0.00000000000
+0.00146777612	-0.02865400000	+0.00000000000
+0.00147915423	-0.02908800000	+0.00000000000
+0.00149053234	-0.02952200000	+0.00000000000
+0.00150191045	-0.02995600000	+0.00000000000
+0.00151328856	-0.03039000000	+0.00000000000
+0.00152466667	-0.03082400000	+0.00000000000
+0.00153604478	-0.03125800000	+0.00000000000
+0.00154742289	-0.03169200000	+0.00000000000
+0.00155880100	-0.03212600000	+0.00000000000
+0.00157017910	-0.03256000000	+0.00000000000
+0.00158155721	-0.03299400000	+0.00000000000
+0.00159293532	-0.03342800000	+0.00000000000
+0.00160431343	-0.03386200000	+0.00000000000
+0.00161569154	-0.03429600000	+0.00000000000
+0.00162706965	-0.03473000000	+0.00000000000
+0.00163844776	-0.03516400000	+0.00000000000
+0.00164982587	-0.03559800000	+0.00000000000
+0.00166120398	-0.03603200000	+0.00000000000
+0.00167258209	-0.03646600000	+0.00000000000
+0.00168396020	-0.03690000000	+0.00000000000
+0.00169533831	-0.03733400000	+0.00000000000
+0.00170671642	-0.03776800000	+0.00000000000
+0.00171809453	-0.03820200000	+0.00000000000
+0.00172947264	-0.03863600000	+0.00000000000
+0.00174085075	-0.03907000000	+0.00000000000
+0.00175222886	-0.03950400000	+0.00000000000
+0.00176360697	-0.03993700000	+0.00000000000
+0.00177498507	-0.04037100000	+0.00000000000
+0.00178636318	-0.04080500000	+0.00000000000
+0.00179774129	-0.04123900000	+0.00000000000
+0.00180911940	-0.04167300000	+0.00000000000
+0.00182049751	-0.04210700000	+0.00000000000
+0.00183187562	-0.04254100000	+0.00000000000
+0.00184325373	-0.04297500000	+0.00000000000
+0.00185463184	-0.04340900000	+0.00000000000
+0.00186600995	-0.04384300000	+0.00000000000
+0.00187738806	-0.04427700000	+0.00000000000
+0.00188876617	-0.04471100000	+0.00000000000
+0.00190014428	-0.04514500000	+0.00000000000
+0.00191152239	-0.04557900000	+0.00000000000
+0.00192290050	-0.04601300000	+0.00000000000
+0.00193427861	-0.04644700000	+0.00000000000
+0.00194565672	-0.04688100000	+0.00000000000
+0.00195703483	-0.04731500000	+0.00000000000
+0.00196841294	-0.04774900000	+0.00000000000
+0.00197979104	-0.04818300000	+0.00000000000
+0.00199116915	-0.04861700000	+0.00000000000
+0.00200254726	-0.04905100000	+0.00000000000
+0.00201392537	-0.04948500000	+0.00000000000
+0.00202530348	-0.04991900000	+0.00000000000
+0.00203668159	-0.05035300000	+0.00000000000
+0.00204805970	-0.05078700000	+0.00000000000
+0.00205943781	-0.05122100000	+0.00000000000
+0.00207081592	-0.05165500000	+0.00000000000
+0.00208219403	-0.05208900000	+0.00000000000
+0.00209357214	-0.05252200000	+0.00000000000
+0.00210495025	-0.05295600000	+0.00000000000
+0.00211632836	-0.05339000000	+0.00000000000
+0.00212770647	-0.05382400000	+0.00000000000
+0.00213908458	-0.05425800000	+0.00000000000
+0.00215046269	-0.05469200000	+0.00000000000
+0.00216184080	-0.05512600000	+0.00000000000
+0.00217321891	-0.05556000000	+0.00000000000
+0.00218459701	-0.05599400000	+0.00000000000
+0.00219597512	-0.05642800000	+0.00000000000
+0.00220735323	-0.05686200000	+0.00000000000
+0.00221873134	-0.05729600000	+0.00000000000
+0.00223010945	-0.05773000000	+0.00000000000
+0.00224148756	-0.05816400000	+0.00000000000
+0.00225286567	-0.05859800000	+0.00000000000
+0.00226424378	-0.05903200000	+0.00000000000
+0.00227562189	-0.05946600000	+0.00000000000
+0.00228700000	-0.05946600000	+0.00000000000
+0.00229837811	-0.05946600000	+0.00000000000
+0.00230975622	-0.05946600000	+0.00000000000
+0.00232113433	-0.05946600000	+0.00000000000
+0.00233251244	-0.05946600000	+0.00000000000
+0.00234389055	-0.05946600000	+0.00000000000
+0.00235526866	-0.05946600000	+0.00000000000
+0.00236664677	-0.05946600000	+0.00000000000
+0.00237802488	-0.05946600000	+0.00000000000
+0.00238940299	-0.05946600000	+0.00000000000
+0.00240078109	-0.05946600000	+0.00000000000
+0.00241215920	-0.05946600000	+0.00000000000
+0.00242353731	-0.05946600000	+0.00000000000
+0.00243491542	-0.05946600000	+0.00000000000
+0.00244629353	-0.05946600000	+0.00000000000
+0.00245767164	-0.05946600000	+0.00000000000
+0.00246904975	-0.05946600000	+0.00000000000
+0.00248042786	-0.05946600000	+0.00000000000
+0.00249180597	-0.05946600000	+0.00000000000
+0.00250318408	-0.05946600000	+0.00000000000
+0.00251456219	-0.05946600000	+0.00000000000
+0.00252594030	-0.05946600000	+0.00000000000
+0.00253731841	-0.05946600000	+0.00000000000
+0.00254869652	-0.05946600000	+0.00000000000
+0.00256007463	-0.05946600000	+0.00000000000
+0.00257145274	-0.05946600000	+0.00000000000
+0.00258283085	-0.05946600000	+0.00000000000
+0.00259420896	-0.05946600000	+0.00000000000
+0.00260558706	-0.05946600000	+0.00000000000
+0.00261696517	-0.05946600000	+0.00000000000
+0.00262834328	-0.05946600000	+0.00000000000
+0.00263972139	-0.05946600000	+0.00000000000
+0.00265109950	-0.05946600000	+0.00000000000
+0.00266247761	-0.05946600000	+0.00000000000
+0.00267385572	-0.05946600000	+0.00000000000
+0.00268523383	-0.05946600000	+0.00000000000
+0.00269661194	-0.05946600000	+0.00000000000
+0.00270799005	-0.05946600000	+0.00000000000
+0.00271936816	-0.05946600000	+0.00000000000
+0.00273074627	-0.05946600000	+0.00000000000
+0.00274212438	-0.05946600000	+0.00000000000
+0.00275350249	-0.05946600000	+0.00000000000
+0.00276488060	-0.05946600000	+0.00000000000
+0.00277625871	-0.05946600000	+0.00000000000
+0.00278763682	-0.05946600000	+0.00000000000
+0.00279901493	-0.05946600000	+0.00000000000
+0.00281039303	-0.05946600000	+0.00000000000
+0.00282177114	-0.05946600000	+0.00000000000
+0.00283314925	-0.05946600000	+0.00000000000
+0.00284452736	-0.05946600000	+0.00000000000
+0.00285590547	-0.05946600000	+0.00000000000
+0.00286728358	-0.05946600000	+0.00000000000
+0.00287866169	-0.05946600000	+0.00000000000
+0.00289003980	-0.05946600000	+0.00000000000
+0.00290141791	-0.05946600000	+0.00000000000
+0.00291279602	-0.05946600000	+0.00000000000
+0.00292417413	-0.05946600000	+0.00000000000
+0.00293555224	-0.05946600000	+0.00000000000
+0.00294693035	-0.05946600000	+0.00000000000
+0.00295830846	-0.05946600000	+0.00000000000
+0.00296968657	-0.05946600000	+0.00000000000
+0.00298106468	-0.05946600000	+0.00000000000
+0.00299244279	-0.05946600000	+0.00000000000
+0.00300382090	-0.05946600000	+0.00000000000
+0.00301519900	-0.05946600000	+0.00000000000
+0.00302657711	-0.05946600000	+0.00000000000
+0.00303795522	-0.05946600000	+0.00000000000
+0.00304933333	-0.05946600000	+0.00000000000
+0.00306071144	-0.05946600000	+0.00000000000
+0.00307208955	-0.05946600000	+0.00000000000
+0.00308346766	-0.05946600000	+0.00000000000
+0.00309484577	-0.05946600000	+0.00000000000
+0.00310622388	-0.05946600000	+0.00000000000
+0.00311760199	-0.05946600000	+0.00000000000
+0.00312898010	-0.05946600000	+0.00000000000
+0.00314035821	-0.05946600000	+0.00000000000
+0.00315173632	-0.05946600000	+0.00000000000
+0.00316311443	-0.05946600000	+0.00000000000
+0.00317449254	-0.05946600000	+0.00000000000
+0.00318587065	-0.05946600000	+0.00000000000
+0.00319724876	-0.05946600000	+0.00000000000
+0.00320862687	-0.05946600000	+0.00000000000
+0.00322000498	-0.05946600000	+0.00000000000
+0.00323138308	-0.05946600000	+0.00000000000
+0.00324276119	-0.05946600000	+0.00000000000
+0.00325413930	-0.05946600000	+0.00000000000
+0.00326551741	-0.05946600000	+0.00000000000
+0.00327689552	-0.05946600000	+0.00000000000
+0.00328827363	-0.05946600000	+0.00000000000
+0.00329965174	-0.05946600000	+0.00000000000
+0.00331102985	-0.05946600000	+0.00000000000
+0.00332240796	-0.05946600000	+0.00000000000
+0.00333378607	-0.05946600000	+0.00000000000
+0.00334516418	-0.05946600000	+0.00000000000
+0.00335654229	-0.05946600000	+0.00000000000
+0.00336792040	-0.05946600000	+0.00000000000
+0.00337929851	-0.05946600000	+0.00000000000
+0.00339067662	-0.05946600000	+0.00000000000
+0.00340205473	-0.05946600000	+0.00000000000
+0.00341343284	-0.05946600000	+0.00000000000
+0.00342481095	-0.05946600000	+0.00000000000
+0.00343618905	-0.05946600000	+0.00000000000
+0.00344756716	-0.05903200000	+0.00000000000
+0.00345894527	-0.05859800000	+0.00000000000
+0.00347032338	-0.05816400000	+0.00000000000
+0.00348170149	-0.05773000000	+0.00000000000
+0.00349307960	-0.05729600000	+0.00000000000
+0.00350445771	-0.05686200000	+0.00000000000
+0.00351583582	-0.05642800000	+0.00000000000
+0.00352721393	-0.05599400000	+0.00000000000
+0.00353859204	-0.05556000000	+0.00000000000
+0.00354997015	-0.05512600000	+0.00000000000
+0.00356134826	-0.05469200000	+0.00000000000
+0.00357272637	-0.05425800000	+0.00000000000
+0.00358410448	-0.05382400000	+0.00000000000
+0.00359548259	-0.05339000000	+0.00000000000
+0.00360686070	-0.05295600000	+0.00000000000
+0.00361823881	-0.05252200000	+0.00000000000
+0.00362961692	-0.05208900000	+0.00000000000
+0.00364099502	-0.05165500000	+0.00000000000
+0.00365237313	-0.05122100000	+0.00000000000
+0.00366375124	-0.05078700000	+0.00000000000
+0.00367512935	-0.05035300000	+0.00000000000
+0.00368650746	-0.04991900000	+0.00000000000
+0.00369788557	-0.04948500000	+0.00000000000
+0.00370926368	-0.04905100000	+0.00000000000
+0.00372064179	-0.04861700000	+0.00000000000
+0.00373201990	-0.04818300000	+0.00000000000
+0.00374339801	-0.04774900000	+0.00000000000
+0.00375477612	-0.04731500000	+0.00000000000
+0.00376615423	-0.04688100000	+0.00000000000
+0.00377753234	-0.04644700000	+0.00000000000
+0.00378891045	-0.04601300000	+0.00000000000
+0.00380028856	-0.04557900000	+0.00000000000
+0.00381166667	-0.04514500000	+0.00000000000
+0.00382304478	-0.04471100000	+0.00000000000
+0.00383442289	-0.04427700000	+0.00000000000
+0.00384580100	-0.04384300000	+0.00000000000
+0.00385717910	-0.04340900000	+0.00000000000
+0.00386855721	-0.04297500000	+0.00000000000
+0.00387993532	-0.04254100000	+0.00000000000
+0.00389131343	-0.04210700000	+0.00000000000
+0.00390269154	-0.04167300000	+0.00000000000
+0.00391406965	-0.04123900000	+0.00000000000
+0.00392544776	-0.04080500000	+0.00000000000
+0.00393682587	-0.04037100000	+0.00000000000
+0.00394820398	-0.03993700000	+0.00000000000
+0.00395958209	-0.03950400000	+0.00000000000
+0.00397096020	-0.03907000000	+0.00000000000
+0.00398233831	-0.03863600000	+0.00000000000
+0.00399371642	-0.03820200000	+0.00000000000
+0.00400509453	-0.03776800000	+0.00000000000
+0.00401647264	-0.03733400000	+0.00000000000
+0.00402785075	-0.03690000000	+0.00000000000
+0.00403922886	-0.03646600000	+0.00000000000
+0.00405060697	-0.03603200000	+0.00000000000
+0.00406198507	-0.03559800000	+0.00000000000
+0.00407336318	-0.03516400000	+0.00000000000
+0.00408474129	-0.03473000000	+0.00000000000
+0.00409611940	-0.03429600000	+0.00000000000
+0.00410749751	-0.03386200000	+0.00000000000
+0.00411887562	-0.03342800000	+0.00000000000
+0.00413025373	-0.03299400000	+0.00000000000
+0.00414163184	-0.03256000000	+0.00000000000
+0.00415300995	-0.03212600000	+0.00000000000
+0.00416438806	-0.03169200000	+0.00000000000
+0.00417576617	-0.03125800000	+0.00000000000
+0.00418714428	-0.03082400000	+0.00000000000
+0.00419852239	-0.03039000000	+0.00000000000
+0.00420990050	-0.02995600000	+0.00000000000
+0.00422127861	-0.02952200000	+0.00000000000
+0.00423265672	-0.02908800000	+0.00000000000
+0.00424403483	-0.02865400000	+0.00000000000
+0.00425541294	-0.02822000000	+0.00000000000
+0.00426679104	-0.02778600000	+0.00000000000
+0.00427816915	-0.02735300000	+0.00000000000
+0.00428954726	-0.02691900000	+0.00000000000
+0.00430092537	-0.02648500000	+0.00000000000
+0.00431230348	-0.02605100000	+0.00000000000
+0.00432368159	-0.02561700000	+0.00000000000
+0.00433505970	-0.02518300000	+0.00000000000
+0.00434643781	-0.02474900000	+0.00000000000
+0.00435781592	-0.02431500000	+0.00000000000
+0.00436919403	-0.02388100000	+0.00000000000
+0.00438057214	-0.02344700000	+0.00000000000
+0.00439195025	-0.02301300000	+0.00000000000
+0.00440332836	-0.02257900000	+0.00000000000
+0.00441470647	-0.02214500000	+0.00000000000
+0.00442608458	-0.02171100000	+0.00000000000
+0.00443746269	-0.02127700000	+0.00000000000
+0.00444884080	-0.02084300000	+0.00000000000
+0.00446021891	-0.02040900000	+0.00000000000
+0.00447159701	-0.01997500000	+0.00000000000
+0.00448297512	-0.01954100000	+0.00000000000
+0.00449435323	-0.01910700000	+0.00000000000
+0.00450573134	-0.01867300000	+0.00000000000
+0.00451710945	-0.01823900000	+0.00000000000
+0.00452848756	-0.01780500000	+0.00000000000
+0.00453986567	-0.01737100000	+0.00000000000
+0.00455124378	-0.01693700000	+0.00000000000
+0.00456262189	-0.01650300000	+0.00000000000
+0.00457400000	-0.01606900000	+0.00000000000
